fare_id,route_id,contains_id,service_id
0,4,0,
30,4,1,S
32,4,2,S
34,4,3,S
36,4,0,S
36,4,1,S
38,4,0,S
38,4,2,S
40,4,0,S
40,4,3,S
42,4,1,S
42,4,2,S
44,4,1,S
44,4,3,S
46,4,2,S
46,4,3,S
48,4,0,S
48,4,1,S
48,4,2,S
50,4,0,S
50,4,1,S
50,4,3,S
52,4,0,S
52,4,2,S
52,4,3,S
54,4,1,S
54,4,2,S
54,4,3,S
56,4,0,S
56,4,1,S
56,4,2,S
56,4,3,S
30,4,1,U
32,4,2,U
34,4,3,U
36,4,0,U
36,4,1,U
38,4,0,U
38,4,2,U
40,4,0,U
40,4,3,U
42,4,1,U
42,4,2,U
44,4,1,U
44,4,3,U
46,4,2,U
46,4,3,U
48,4,0,U
48,4,1,U
48,4,2,U
50,4,0,U
50,4,1,U
50,4,3,U
52,4,0,U
52,4,2,U
52,4,3,U
54,4,1,U
54,4,2,U
54,4,3,U
56,4,0,U
56,4,1,U
56,4,2,U
56,4,3,U
2,4,1,W
4,4,2,W
6,4,3,W
8,4,0,W
8,4,1,W
10,4,0,W
10,4,2,W
12,4,0,W
12,4,3,W
14,4,1,W
14,4,2,W
16,4,1,W
16,4,3,W
18,4,2,W
18,4,3,W
20,4,0,W
20,4,1,W
20,4,2,W
22,4,0,W
22,4,1,W
22,4,3,W
24,4,0,W
24,4,2,W
24,4,3,W
26,4,1,W
26,4,2,W
26,4,3,W
28,4,0,W
28,4,1,W
28,4,2,W
28,4,3,W
30,4,1,X
32,4,2,X
34,4,3,X
36,4,0,X
36,4,1,X
38,4,0,X
38,4,2,X
40,4,0,X
40,4,3,X
42,4,1,X
42,4,2,X
44,4,1,X
44,4,3,X
46,4,2,X
46,4,3,X
48,4,0,X
48,4,1,X
48,4,2,X
50,4,0,X
50,4,1,X
50,4,3,X
52,4,0,X
52,4,2,X
52,4,3,X
54,4,1,X
54,4,2,X
54,4,3,X
56,4,0,X
56,4,1,X
56,4,2,X
56,4,3,X
0,6,0,
30,6,1,S
32,6,2,S
34,6,3,S
36,6,0,S
36,6,1,S
38,6,0,S
38,6,2,S
40,6,0,S
40,6,3,S
42,6,1,S
42,6,2,S
44,6,1,S
44,6,3,S
46,6,2,S
46,6,3,S
48,6,0,S
48,6,1,S
48,6,2,S
50,6,0,S
50,6,1,S
50,6,3,S
52,6,0,S
52,6,2,S
52,6,3,S
54,6,1,S
54,6,2,S
54,6,3,S
56,6,0,S
56,6,1,S
56,6,2,S
56,6,3,S
30,6,1,U
32,6,2,U
34,6,3,U
36,6,0,U
36,6,1,U
38,6,0,U
38,6,2,U
40,6,0,U
40,6,3,U
42,6,1,U
42,6,2,U
44,6,1,U
44,6,3,U
46,6,2,U
46,6,3,U
48,6,0,U
48,6,1,U
48,6,2,U
50,6,0,U
50,6,1,U
50,6,3,U
52,6,0,U
52,6,2,U
52,6,3,U
54,6,1,U
54,6,2,U
54,6,3,U
56,6,0,U
56,6,1,U
56,6,2,U
56,6,3,U
2,6,1,W
4,6,2,W
6,6,3,W
8,6,0,W
8,6,1,W
10,6,0,W
10,6,2,W
12,6,0,W
12,6,3,W
14,6,1,W
14,6,2,W
16,6,1,W
16,6,3,W
18,6,2,W
18,6,3,W
20,6,0,W
20,6,1,W
20,6,2,W
22,6,0,W
22,6,1,W
22,6,3,W
24,6,0,W
24,6,2,W
24,6,3,W
26,6,1,W
26,6,2,W
26,6,3,W
28,6,0,W
28,6,1,W
28,6,2,W
28,6,3,W
30,6,1,X
32,6,2,X
34,6,3,X
36,6,0,X
36,6,1,X
38,6,0,X
38,6,2,X
40,6,0,X
40,6,3,X
42,6,1,X
42,6,2,X
44,6,1,X
44,6,3,X
46,6,2,X
46,6,3,X
48,6,0,X
48,6,1,X
48,6,2,X
50,6,0,X
50,6,1,X
50,6,3,X
52,6,0,X
52,6,2,X
52,6,3,X
54,6,1,X
54,6,2,X
54,6,3,X
56,6,0,X
56,6,1,X
56,6,2,X
56,6,3,X
0,8,0,
30,8,1,S
32,8,2,S
34,8,3,S
36,8,0,S
36,8,1,S
38,8,0,S
38,8,2,S
40,8,0,S
40,8,3,S
42,8,1,S
42,8,2,S
44,8,1,S
44,8,3,S
46,8,2,S
46,8,3,S
48,8,0,S
48,8,1,S
48,8,2,S
50,8,0,S
50,8,1,S
50,8,3,S
52,8,0,S
52,8,2,S
52,8,3,S
54,8,1,S
54,8,2,S
54,8,3,S
56,8,0,S
56,8,1,S
56,8,2,S
56,8,3,S
30,8,1,U
32,8,2,U
34,8,3,U
36,8,0,U
36,8,1,U
38,8,0,U
38,8,2,U
40,8,0,U
40,8,3,U
42,8,1,U
42,8,2,U
44,8,1,U
44,8,3,U
46,8,2,U
46,8,3,U
48,8,0,U
48,8,1,U
48,8,2,U
50,8,0,U
50,8,1,U
50,8,3,U
52,8,0,U
52,8,2,U
52,8,3,U
54,8,1,U
54,8,2,U
54,8,3,U
56,8,0,U
56,8,1,U
56,8,2,U
56,8,3,U
2,8,1,W
4,8,2,W
6,8,3,W
8,8,0,W
8,8,1,W
10,8,0,W
10,8,2,W
12,8,0,W
12,8,3,W
14,8,1,W
14,8,2,W
16,8,1,W
16,8,3,W
18,8,2,W
18,8,3,W
20,8,0,W
20,8,1,W
20,8,2,W
22,8,0,W
22,8,1,W
22,8,3,W
24,8,0,W
24,8,2,W
24,8,3,W
26,8,1,W
26,8,2,W
26,8,3,W
28,8,0,W
28,8,1,W
28,8,2,W
28,8,3,W
30,8,1,X
32,8,2,X
34,8,3,X
36,8,0,X
36,8,1,X
38,8,0,X
38,8,2,X
40,8,0,X
40,8,3,X
42,8,1,X
42,8,2,X
44,8,1,X
44,8,3,X
46,8,2,X
46,8,3,X
48,8,0,X
48,8,1,X
48,8,2,X
50,8,0,X
50,8,1,X
50,8,3,X
52,8,0,X
52,8,2,X
52,8,3,X
54,8,1,X
54,8,2,X
54,8,3,X
56,8,0,X
56,8,1,X
56,8,2,X
56,8,3,X
0,9,0,
30,9,1,S
32,9,2,S
34,9,3,S
36,9,0,S
36,9,1,S
38,9,0,S
38,9,2,S
40,9,0,S
40,9,3,S
42,9,1,S
42,9,2,S
44,9,1,S
44,9,3,S
46,9,2,S
46,9,3,S
48,9,0,S
48,9,1,S
48,9,2,S
50,9,0,S
50,9,1,S
50,9,3,S
52,9,0,S
52,9,2,S
52,9,3,S
54,9,1,S
54,9,2,S
54,9,3,S
56,9,0,S
56,9,1,S
56,9,2,S
56,9,3,S
30,9,1,U
32,9,2,U
34,9,3,U
36,9,0,U
36,9,1,U
38,9,0,U
38,9,2,U
40,9,0,U
40,9,3,U
42,9,1,U
42,9,2,U
44,9,1,U
44,9,3,U
46,9,2,U
46,9,3,U
48,9,0,U
48,9,1,U
48,9,2,U
50,9,0,U
50,9,1,U
50,9,3,U
52,9,0,U
52,9,2,U
52,9,3,U
54,9,1,U
54,9,2,U
54,9,3,U
56,9,0,U
56,9,1,U
56,9,2,U
56,9,3,U
2,9,1,W
4,9,2,W
6,9,3,W
8,9,0,W
8,9,1,W
10,9,0,W
10,9,2,W
12,9,0,W
12,9,3,W
14,9,1,W
14,9,2,W
16,9,1,W
16,9,3,W
18,9,2,W
18,9,3,W
20,9,0,W
20,9,1,W
20,9,2,W
22,9,0,W
22,9,1,W
22,9,3,W
24,9,0,W
24,9,2,W
24,9,3,W
26,9,1,W
26,9,2,W
26,9,3,W
28,9,0,W
28,9,1,W
28,9,2,W
28,9,3,W
30,9,1,X
32,9,2,X
34,9,3,X
36,9,0,X
36,9,1,X
38,9,0,X
38,9,2,X
40,9,0,X
40,9,3,X
42,9,1,X
42,9,2,X
44,9,1,X
44,9,3,X
46,9,2,X
46,9,3,X
48,9,0,X
48,9,1,X
48,9,2,X
50,9,0,X
50,9,1,X
50,9,3,X
52,9,0,X
52,9,2,X
52,9,3,X
54,9,1,X
54,9,2,X
54,9,3,X
56,9,0,X
56,9,1,X
56,9,2,X
56,9,3,X
0,10,0,
30,10,1,S
32,10,2,S
34,10,3,S
36,10,0,S
36,10,1,S
38,10,0,S
38,10,2,S
40,10,0,S
40,10,3,S
42,10,1,S
42,10,2,S
44,10,1,S
44,10,3,S
46,10,2,S
46,10,3,S
48,10,0,S
48,10,1,S
48,10,2,S
50,10,0,S
50,10,1,S
50,10,3,S
52,10,0,S
52,10,2,S
52,10,3,S
54,10,1,S
54,10,2,S
54,10,3,S
56,10,0,S
56,10,1,S
56,10,2,S
56,10,3,S
30,10,1,U
32,10,2,U
34,10,3,U
36,10,0,U
36,10,1,U
38,10,0,U
38,10,2,U
40,10,0,U
40,10,3,U
42,10,1,U
42,10,2,U
44,10,1,U
44,10,3,U
46,10,2,U
46,10,3,U
48,10,0,U
48,10,1,U
48,10,2,U
50,10,0,U
50,10,1,U
50,10,3,U
52,10,0,U
52,10,2,U
52,10,3,U
54,10,1,U
54,10,2,U
54,10,3,U
56,10,0,U
56,10,1,U
56,10,2,U
56,10,3,U
2,10,1,W
4,10,2,W
6,10,3,W
8,10,0,W
8,10,1,W
10,10,0,W
10,10,2,W
12,10,0,W
12,10,3,W
14,10,1,W
14,10,2,W
16,10,1,W
16,10,3,W
18,10,2,W
18,10,3,W
20,10,0,W
20,10,1,W
20,10,2,W
22,10,0,W
22,10,1,W
22,10,3,W
24,10,0,W
24,10,2,W
24,10,3,W
26,10,1,W
26,10,2,W
26,10,3,W
28,10,0,W
28,10,1,W
28,10,2,W
28,10,3,W
30,10,1,X
32,10,2,X
34,10,3,X
36,10,0,X
36,10,1,X
38,10,0,X
38,10,2,X
40,10,0,X
40,10,3,X
42,10,1,X
42,10,2,X
44,10,1,X
44,10,3,X
46,10,2,X
46,10,3,X
48,10,0,X
48,10,1,X
48,10,2,X
50,10,0,X
50,10,1,X
50,10,3,X
52,10,0,X
52,10,2,X
52,10,3,X
54,10,1,X
54,10,2,X
54,10,3,X
56,10,0,X
56,10,1,X
56,10,2,X
56,10,3,X
0,12,0,
30,12,1,S
32,12,2,S
34,12,3,S
36,12,0,S
36,12,1,S
38,12,0,S
38,12,2,S
40,12,0,S
40,12,3,S
42,12,1,S
42,12,2,S
44,12,1,S
44,12,3,S
46,12,2,S
46,12,3,S
48,12,0,S
48,12,1,S
48,12,2,S
50,12,0,S
50,12,1,S
50,12,3,S
52,12,0,S
52,12,2,S
52,12,3,S
54,12,1,S
54,12,2,S
54,12,3,S
56,12,0,S
56,12,1,S
56,12,2,S
56,12,3,S
30,12,1,U
32,12,2,U
34,12,3,U
36,12,0,U
36,12,1,U
38,12,0,U
38,12,2,U
40,12,0,U
40,12,3,U
42,12,1,U
42,12,2,U
44,12,1,U
44,12,3,U
46,12,2,U
46,12,3,U
48,12,0,U
48,12,1,U
48,12,2,U
50,12,0,U
50,12,1,U
50,12,3,U
52,12,0,U
52,12,2,U
52,12,3,U
54,12,1,U
54,12,2,U
54,12,3,U
56,12,0,U
56,12,1,U
56,12,2,U
56,12,3,U
2,12,1,W
4,12,2,W
6,12,3,W
8,12,0,W
8,12,1,W
10,12,0,W
10,12,2,W
12,12,0,W
12,12,3,W
14,12,1,W
14,12,2,W
16,12,1,W
16,12,3,W
18,12,2,W
18,12,3,W
20,12,0,W
20,12,1,W
20,12,2,W
22,12,0,W
22,12,1,W
22,12,3,W
24,12,0,W
24,12,2,W
24,12,3,W
26,12,1,W
26,12,2,W
26,12,3,W
28,12,0,W
28,12,1,W
28,12,2,W
28,12,3,W
30,12,1,X
32,12,2,X
34,12,3,X
36,12,0,X
36,12,1,X
38,12,0,X
38,12,2,X
40,12,0,X
40,12,3,X
42,12,1,X
42,12,2,X
44,12,1,X
44,12,3,X
46,12,2,X
46,12,3,X
48,12,0,X
48,12,1,X
48,12,2,X
50,12,0,X
50,12,1,X
50,12,3,X
52,12,0,X
52,12,2,X
52,12,3,X
54,12,1,X
54,12,2,X
54,12,3,X
56,12,0,X
56,12,1,X
56,12,2,X
56,12,3,X
0,14,0,
30,14,1,S
32,14,2,S
34,14,3,S
36,14,0,S
36,14,1,S
38,14,0,S
38,14,2,S
40,14,0,S
40,14,3,S
42,14,1,S
42,14,2,S
44,14,1,S
44,14,3,S
46,14,2,S
46,14,3,S
48,14,0,S
48,14,1,S
48,14,2,S
50,14,0,S
50,14,1,S
50,14,3,S
52,14,0,S
52,14,2,S
52,14,3,S
54,14,1,S
54,14,2,S
54,14,3,S
56,14,0,S
56,14,1,S
56,14,2,S
56,14,3,S
30,14,1,U
32,14,2,U
34,14,3,U
36,14,0,U
36,14,1,U
38,14,0,U
38,14,2,U
40,14,0,U
40,14,3,U
42,14,1,U
42,14,2,U
44,14,1,U
44,14,3,U
46,14,2,U
46,14,3,U
48,14,0,U
48,14,1,U
48,14,2,U
50,14,0,U
50,14,1,U
50,14,3,U
52,14,0,U
52,14,2,U
52,14,3,U
54,14,1,U
54,14,2,U
54,14,3,U
56,14,0,U
56,14,1,U
56,14,2,U
56,14,3,U
2,14,1,W
4,14,2,W
6,14,3,W
8,14,0,W
8,14,1,W
10,14,0,W
10,14,2,W
12,14,0,W
12,14,3,W
14,14,1,W
14,14,2,W
16,14,1,W
16,14,3,W
18,14,2,W
18,14,3,W
20,14,0,W
20,14,1,W
20,14,2,W
22,14,0,W
22,14,1,W
22,14,3,W
24,14,0,W
24,14,2,W
24,14,3,W
26,14,1,W
26,14,2,W
26,14,3,W
28,14,0,W
28,14,1,W
28,14,2,W
28,14,3,W
30,14,1,X
32,14,2,X
34,14,3,X
36,14,0,X
36,14,1,X
38,14,0,X
38,14,2,X
40,14,0,X
40,14,3,X
42,14,1,X
42,14,2,X
44,14,1,X
44,14,3,X
46,14,2,X
46,14,3,X
48,14,0,X
48,14,1,X
48,14,2,X
50,14,0,X
50,14,1,X
50,14,3,X
52,14,0,X
52,14,2,X
52,14,3,X
54,14,1,X
54,14,2,X
54,14,3,X
56,14,0,X
56,14,1,X
56,14,2,X
56,14,3,X
0,15,0,
30,15,1,S
32,15,2,S
34,15,3,S
36,15,0,S
36,15,1,S
38,15,0,S
38,15,2,S
40,15,0,S
40,15,3,S
42,15,1,S
42,15,2,S
44,15,1,S
44,15,3,S
46,15,2,S
46,15,3,S
48,15,0,S
48,15,1,S
48,15,2,S
50,15,0,S
50,15,1,S
50,15,3,S
52,15,0,S
52,15,2,S
52,15,3,S
54,15,1,S
54,15,2,S
54,15,3,S
56,15,0,S
56,15,1,S
56,15,2,S
56,15,3,S
30,15,1,U
32,15,2,U
34,15,3,U
36,15,0,U
36,15,1,U
38,15,0,U
38,15,2,U
40,15,0,U
40,15,3,U
42,15,1,U
42,15,2,U
44,15,1,U
44,15,3,U
46,15,2,U
46,15,3,U
48,15,0,U
48,15,1,U
48,15,2,U
50,15,0,U
50,15,1,U
50,15,3,U
52,15,0,U
52,15,2,U
52,15,3,U
54,15,1,U
54,15,2,U
54,15,3,U
56,15,0,U
56,15,1,U
56,15,2,U
56,15,3,U
2,15,1,W
4,15,2,W
6,15,3,W
8,15,0,W
8,15,1,W
10,15,0,W
10,15,2,W
12,15,0,W
12,15,3,W
14,15,1,W
14,15,2,W
16,15,1,W
16,15,3,W
18,15,2,W
18,15,3,W
20,15,0,W
20,15,1,W
20,15,2,W
22,15,0,W
22,15,1,W
22,15,3,W
24,15,0,W
24,15,2,W
24,15,3,W
26,15,1,W
26,15,2,W
26,15,3,W
28,15,0,W
28,15,1,W
28,15,2,W
28,15,3,W
30,15,1,X
32,15,2,X
34,15,3,X
36,15,0,X
36,15,1,X
38,15,0,X
38,15,2,X
40,15,0,X
40,15,3,X
42,15,1,X
42,15,2,X
44,15,1,X
44,15,3,X
46,15,2,X
46,15,3,X
48,15,0,X
48,15,1,X
48,15,2,X
50,15,0,X
50,15,1,X
50,15,3,X
52,15,0,X
52,15,2,X
52,15,3,X
54,15,1,X
54,15,2,X
54,15,3,X
56,15,0,X
56,15,1,X
56,15,2,X
56,15,3,X
0,16,0,
2,16,1,W
4,16,2,W
6,16,3,W
8,16,0,W
8,16,1,W
10,16,0,W
10,16,2,W
12,16,0,W
12,16,3,W
14,16,1,W
14,16,2,W
16,16,1,W
16,16,3,W
18,16,2,W
18,16,3,W
20,16,0,W
20,16,1,W
20,16,2,W
22,16,0,W
22,16,1,W
22,16,3,W
24,16,0,W
24,16,2,W
24,16,3,W
26,16,1,W
26,16,2,W
26,16,3,W
28,16,0,W
28,16,1,W
28,16,2,W
28,16,3,W
0,17,0,
30,17,1,S
32,17,2,S
34,17,3,S
36,17,0,S
36,17,1,S
38,17,0,S
38,17,2,S
40,17,0,S
40,17,3,S
42,17,1,S
42,17,2,S
44,17,1,S
44,17,3,S
46,17,2,S
46,17,3,S
48,17,0,S
48,17,1,S
48,17,2,S
50,17,0,S
50,17,1,S
50,17,3,S
52,17,0,S
52,17,2,S
52,17,3,S
54,17,1,S
54,17,2,S
54,17,3,S
56,17,0,S
56,17,1,S
56,17,2,S
56,17,3,S
30,17,1,U
32,17,2,U
34,17,3,U
36,17,0,U
36,17,1,U
38,17,0,U
38,17,2,U
40,17,0,U
40,17,3,U
42,17,1,U
42,17,2,U
44,17,1,U
44,17,3,U
46,17,2,U
46,17,3,U
48,17,0,U
48,17,1,U
48,17,2,U
50,17,0,U
50,17,1,U
50,17,3,U
52,17,0,U
52,17,2,U
52,17,3,U
54,17,1,U
54,17,2,U
54,17,3,U
56,17,0,U
56,17,1,U
56,17,2,U
56,17,3,U
2,17,1,W
4,17,2,W
6,17,3,W
8,17,0,W
8,17,1,W
10,17,0,W
10,17,2,W
12,17,0,W
12,17,3,W
14,17,1,W
14,17,2,W
16,17,1,W
16,17,3,W
18,17,2,W
18,17,3,W
20,17,0,W
20,17,1,W
20,17,2,W
22,17,0,W
22,17,1,W
22,17,3,W
24,17,0,W
24,17,2,W
24,17,3,W
26,17,1,W
26,17,2,W
26,17,3,W
28,17,0,W
28,17,1,W
28,17,2,W
28,17,3,W
30,17,1,X
32,17,2,X
34,17,3,X
36,17,0,X
36,17,1,X
38,17,0,X
38,17,2,X
40,17,0,X
40,17,3,X
42,17,1,X
42,17,2,X
44,17,1,X
44,17,3,X
46,17,2,X
46,17,3,X
48,17,0,X
48,17,1,X
48,17,2,X
50,17,0,X
50,17,1,X
50,17,3,X
52,17,0,X
52,17,2,X
52,17,3,X
54,17,1,X
54,17,2,X
54,17,3,X
56,17,0,X
56,17,1,X
56,17,2,X
56,17,3,X
0,18,0,
2,18,1,W
4,18,2,W
6,18,3,W
8,18,0,W
8,18,1,W
10,18,0,W
10,18,2,W
12,18,0,W
12,18,3,W
14,18,1,W
14,18,2,W
16,18,1,W
16,18,3,W
18,18,2,W
18,18,3,W
20,18,0,W
20,18,1,W
20,18,2,W
22,18,0,W
22,18,1,W
22,18,3,W
24,18,0,W
24,18,2,W
24,18,3,W
26,18,1,W
26,18,2,W
26,18,3,W
28,18,0,W
28,18,1,W
28,18,2,W
28,18,3,W
0,19,0,
30,19,1,S
32,19,2,S
34,19,3,S
36,19,0,S
36,19,1,S
38,19,0,S
38,19,2,S
40,19,0,S
40,19,3,S
42,19,1,S
42,19,2,S
44,19,1,S
44,19,3,S
46,19,2,S
46,19,3,S
48,19,0,S
48,19,1,S
48,19,2,S
50,19,0,S
50,19,1,S
50,19,3,S
52,19,0,S
52,19,2,S
52,19,3,S
54,19,1,S
54,19,2,S
54,19,3,S
56,19,0,S
56,19,1,S
56,19,2,S
56,19,3,S
30,19,1,U
32,19,2,U
34,19,3,U
36,19,0,U
36,19,1,U
38,19,0,U
38,19,2,U
40,19,0,U
40,19,3,U
42,19,1,U
42,19,2,U
44,19,1,U
44,19,3,U
46,19,2,U
46,19,3,U
48,19,0,U
48,19,1,U
48,19,2,U
50,19,0,U
50,19,1,U
50,19,3,U
52,19,0,U
52,19,2,U
52,19,3,U
54,19,1,U
54,19,2,U
54,19,3,U
56,19,0,U
56,19,1,U
56,19,2,U
56,19,3,U
2,19,1,W
4,19,2,W
6,19,3,W
8,19,0,W
8,19,1,W
10,19,0,W
10,19,2,W
12,19,0,W
12,19,3,W
14,19,1,W
14,19,2,W
16,19,1,W
16,19,3,W
18,19,2,W
18,19,3,W
20,19,0,W
20,19,1,W
20,19,2,W
22,19,0,W
22,19,1,W
22,19,3,W
24,19,0,W
24,19,2,W
24,19,3,W
26,19,1,W
26,19,2,W
26,19,3,W
28,19,0,W
28,19,1,W
28,19,2,W
28,19,3,W
30,19,1,X
32,19,2,X
34,19,3,X
36,19,0,X
36,19,1,X
38,19,0,X
38,19,2,X
40,19,0,X
40,19,3,X
42,19,1,X
42,19,2,X
44,19,1,X
44,19,3,X
46,19,2,X
46,19,3,X
48,19,0,X
48,19,1,X
48,19,2,X
50,19,0,X
50,19,1,X
50,19,3,X
52,19,0,X
52,19,2,X
52,19,3,X
54,19,1,X
54,19,2,X
54,19,3,X
56,19,0,X
56,19,1,X
56,19,2,X
56,19,3,X
0,20,0,
30,20,1,S
32,20,2,S
34,20,3,S
36,20,0,S
36,20,1,S
38,20,0,S
38,20,2,S
40,20,0,S
40,20,3,S
42,20,1,S
42,20,2,S
44,20,1,S
44,20,3,S
46,20,2,S
46,20,3,S
48,20,0,S
48,20,1,S
48,20,2,S
50,20,0,S
50,20,1,S
50,20,3,S
52,20,0,S
52,20,2,S
52,20,3,S
54,20,1,S
54,20,2,S
54,20,3,S
56,20,0,S
56,20,1,S
56,20,2,S
56,20,3,S
30,20,1,U
32,20,2,U
34,20,3,U
36,20,0,U
36,20,1,U
38,20,0,U
38,20,2,U
40,20,0,U
40,20,3,U
42,20,1,U
42,20,2,U
44,20,1,U
44,20,3,U
46,20,2,U
46,20,3,U
48,20,0,U
48,20,1,U
48,20,2,U
50,20,0,U
50,20,1,U
50,20,3,U
52,20,0,U
52,20,2,U
52,20,3,U
54,20,1,U
54,20,2,U
54,20,3,U
56,20,0,U
56,20,1,U
56,20,2,U
56,20,3,U
2,20,1,W
4,20,2,W
6,20,3,W
8,20,0,W
8,20,1,W
10,20,0,W
10,20,2,W
12,20,0,W
12,20,3,W
14,20,1,W
14,20,2,W
16,20,1,W
16,20,3,W
18,20,2,W
18,20,3,W
20,20,0,W
20,20,1,W
20,20,2,W
22,20,0,W
22,20,1,W
22,20,3,W
24,20,0,W
24,20,2,W
24,20,3,W
26,20,1,W
26,20,2,W
26,20,3,W
28,20,0,W
28,20,1,W
28,20,2,W
28,20,3,W
30,20,1,X
32,20,2,X
34,20,3,X
36,20,0,X
36,20,1,X
38,20,0,X
38,20,2,X
40,20,0,X
40,20,3,X
42,20,1,X
42,20,2,X
44,20,1,X
44,20,3,X
46,20,2,X
46,20,3,X
48,20,0,X
48,20,1,X
48,20,2,X
50,20,0,X
50,20,1,X
50,20,3,X
52,20,0,X
52,20,2,X
52,20,3,X
54,20,1,X
54,20,2,X
54,20,3,X
56,20,0,X
56,20,1,X
56,20,2,X
56,20,3,X
0,22,0,
30,22,1,S
32,22,2,S
34,22,3,S
36,22,0,S
36,22,1,S
38,22,0,S
38,22,2,S
40,22,0,S
40,22,3,S
42,22,1,S
42,22,2,S
44,22,1,S
44,22,3,S
46,22,2,S
46,22,3,S
48,22,0,S
48,22,1,S
48,22,2,S
50,22,0,S
50,22,1,S
50,22,3,S
52,22,0,S
52,22,2,S
52,22,3,S
54,22,1,S
54,22,2,S
54,22,3,S
56,22,0,S
56,22,1,S
56,22,2,S
56,22,3,S
30,22,1,U
32,22,2,U
34,22,3,U
36,22,0,U
36,22,1,U
38,22,0,U
38,22,2,U
40,22,0,U
40,22,3,U
42,22,1,U
42,22,2,U
44,22,1,U
44,22,3,U
46,22,2,U
46,22,3,U
48,22,0,U
48,22,1,U
48,22,2,U
50,22,0,U
50,22,1,U
50,22,3,U
52,22,0,U
52,22,2,U
52,22,3,U
54,22,1,U
54,22,2,U
54,22,3,U
56,22,0,U
56,22,1,U
56,22,2,U
56,22,3,U
2,22,1,W
4,22,2,W
6,22,3,W
8,22,0,W
8,22,1,W
10,22,0,W
10,22,2,W
12,22,0,W
12,22,3,W
14,22,1,W
14,22,2,W
16,22,1,W
16,22,3,W
18,22,2,W
18,22,3,W
20,22,0,W
20,22,1,W
20,22,2,W
22,22,0,W
22,22,1,W
22,22,3,W
24,22,0,W
24,22,2,W
24,22,3,W
26,22,1,W
26,22,2,W
26,22,3,W
28,22,0,W
28,22,1,W
28,22,2,W
28,22,3,W
30,22,1,X
32,22,2,X
34,22,3,X
36,22,0,X
36,22,1,X
38,22,0,X
38,22,2,X
40,22,0,X
40,22,3,X
42,22,1,X
42,22,2,X
44,22,1,X
44,22,3,X
46,22,2,X
46,22,3,X
48,22,0,X
48,22,1,X
48,22,2,X
50,22,0,X
50,22,1,X
50,22,3,X
52,22,0,X
52,22,2,X
52,22,3,X
54,22,1,X
54,22,2,X
54,22,3,X
56,22,0,X
56,22,1,X
56,22,2,X
56,22,3,X
0,23,0,
2,23,1,W
4,23,2,W
6,23,3,W
8,23,0,W
8,23,1,W
10,23,0,W
10,23,2,W
12,23,0,W
12,23,3,W
14,23,1,W
14,23,2,W
16,23,1,W
16,23,3,W
18,23,2,W
18,23,3,W
20,23,0,W
20,23,1,W
20,23,2,W
22,23,0,W
22,23,1,W
22,23,3,W
24,23,0,W
24,23,2,W
24,23,3,W
26,23,1,W
26,23,2,W
26,23,3,W
28,23,0,W
28,23,1,W
28,23,2,W
28,23,3,W
0,25,0,
2,25,1,W
4,25,2,W
6,25,3,W
8,25,0,W
8,25,1,W
10,25,0,W
10,25,2,W
12,25,0,W
12,25,3,W
14,25,1,W
14,25,2,W
16,25,1,W
16,25,3,W
18,25,2,W
18,25,3,W
20,25,0,W
20,25,1,W
20,25,2,W
22,25,0,W
22,25,1,W
22,25,3,W
24,25,0,W
24,25,2,W
24,25,3,W
26,25,1,W
26,25,2,W
26,25,3,W
28,25,0,W
28,25,1,W
28,25,2,W
28,25,3,W
0,27,0,
2,27,1,W
4,27,2,W
6,27,3,W
8,27,0,W
8,27,1,W
10,27,0,W
10,27,2,W
12,27,0,W
12,27,3,W
14,27,1,W
14,27,2,W
16,27,1,W
16,27,3,W
18,27,2,W
18,27,3,W
20,27,0,W
20,27,1,W
20,27,2,W
22,27,0,W
22,27,1,W
22,27,3,W
24,27,0,W
24,27,2,W
24,27,3,W
26,27,1,W
26,27,2,W
26,27,3,W
28,27,0,W
28,27,1,W
28,27,2,W
28,27,3,W
0,29,0,
2,29,1,W
4,29,2,W
6,29,3,W
8,29,0,W
8,29,1,W
10,29,0,W
10,29,2,W
12,29,0,W
12,29,3,W
14,29,1,W
14,29,2,W
16,29,1,W
16,29,3,W
18,29,2,W
18,29,3,W
20,29,0,W
20,29,1,W
20,29,2,W
22,29,0,W
22,29,1,W
22,29,3,W
24,29,0,W
24,29,2,W
24,29,3,W
26,29,1,W
26,29,2,W
26,29,3,W
28,29,0,W
28,29,1,W
28,29,2,W
28,29,3,W
0,31,0,
30,31,1,S
32,31,2,S
34,31,3,S
36,31,0,S
36,31,1,S
38,31,0,S
38,31,2,S
40,31,0,S
40,31,3,S
42,31,1,S
42,31,2,S
44,31,1,S
44,31,3,S
46,31,2,S
46,31,3,S
48,31,0,S
48,31,1,S
48,31,2,S
50,31,0,S
50,31,1,S
50,31,3,S
52,31,0,S
52,31,2,S
52,31,3,S
54,31,1,S
54,31,2,S
54,31,3,S
56,31,0,S
56,31,1,S
56,31,2,S
56,31,3,S
30,31,1,U
32,31,2,U
34,31,3,U
36,31,0,U
36,31,1,U
38,31,0,U
38,31,2,U
40,31,0,U
40,31,3,U
42,31,1,U
42,31,2,U
44,31,1,U
44,31,3,U
46,31,2,U
46,31,3,U
48,31,0,U
48,31,1,U
48,31,2,U
50,31,0,U
50,31,1,U
50,31,3,U
52,31,0,U
52,31,2,U
52,31,3,U
54,31,1,U
54,31,2,U
54,31,3,U
56,31,0,U
56,31,1,U
56,31,2,U
56,31,3,U
2,31,1,W
4,31,2,W
6,31,3,W
8,31,0,W
8,31,1,W
10,31,0,W
10,31,2,W
12,31,0,W
12,31,3,W
14,31,1,W
14,31,2,W
16,31,1,W
16,31,3,W
18,31,2,W
18,31,3,W
20,31,0,W
20,31,1,W
20,31,2,W
22,31,0,W
22,31,1,W
22,31,3,W
24,31,0,W
24,31,2,W
24,31,3,W
26,31,1,W
26,31,2,W
26,31,3,W
28,31,0,W
28,31,1,W
28,31,2,W
28,31,3,W
30,31,1,X
32,31,2,X
34,31,3,X
36,31,0,X
36,31,1,X
38,31,0,X
38,31,2,X
40,31,0,X
40,31,3,X
42,31,1,X
42,31,2,X
44,31,1,X
44,31,3,X
46,31,2,X
46,31,3,X
48,31,0,X
48,31,1,X
48,31,2,X
50,31,0,X
50,31,1,X
50,31,3,X
52,31,0,X
52,31,2,X
52,31,3,X
54,31,1,X
54,31,2,X
54,31,3,X
56,31,0,X
56,31,1,X
56,31,2,X
56,31,3,X
0,32,0,
30,32,1,S
32,32,2,S
34,32,3,S
36,32,0,S
36,32,1,S
38,32,0,S
38,32,2,S
40,32,0,S
40,32,3,S
42,32,1,S
42,32,2,S
44,32,1,S
44,32,3,S
46,32,2,S
46,32,3,S
48,32,0,S
48,32,1,S
48,32,2,S
50,32,0,S
50,32,1,S
50,32,3,S
52,32,0,S
52,32,2,S
52,32,3,S
54,32,1,S
54,32,2,S
54,32,3,S
56,32,0,S
56,32,1,S
56,32,2,S
56,32,3,S
2,32,1,W
4,32,2,W
6,32,3,W
8,32,0,W
8,32,1,W
10,32,0,W
10,32,2,W
12,32,0,W
12,32,3,W
14,32,1,W
14,32,2,W
16,32,1,W
16,32,3,W
18,32,2,W
18,32,3,W
20,32,0,W
20,32,1,W
20,32,2,W
22,32,0,W
22,32,1,W
22,32,3,W
24,32,0,W
24,32,2,W
24,32,3,W
26,32,1,W
26,32,2,W
26,32,3,W
28,32,0,W
28,32,1,W
28,32,2,W
28,32,3,W
0,33,0,
30,33,1,S
32,33,2,S
34,33,3,S
36,33,0,S
36,33,1,S
38,33,0,S
38,33,2,S
40,33,0,S
40,33,3,S
42,33,1,S
42,33,2,S
44,33,1,S
44,33,3,S
46,33,2,S
46,33,3,S
48,33,0,S
48,33,1,S
48,33,2,S
50,33,0,S
50,33,1,S
50,33,3,S
52,33,0,S
52,33,2,S
52,33,3,S
54,33,1,S
54,33,2,S
54,33,3,S
56,33,0,S
56,33,1,S
56,33,2,S
56,33,3,S
30,33,1,U
32,33,2,U
34,33,3,U
36,33,0,U
36,33,1,U
38,33,0,U
38,33,2,U
40,33,0,U
40,33,3,U
42,33,1,U
42,33,2,U
44,33,1,U
44,33,3,U
46,33,2,U
46,33,3,U
48,33,0,U
48,33,1,U
48,33,2,U
50,33,0,U
50,33,1,U
50,33,3,U
52,33,0,U
52,33,2,U
52,33,3,U
54,33,1,U
54,33,2,U
54,33,3,U
56,33,0,U
56,33,1,U
56,33,2,U
56,33,3,U
2,33,1,W
4,33,2,W
6,33,3,W
8,33,0,W
8,33,1,W
10,33,0,W
10,33,2,W
12,33,0,W
12,33,3,W
14,33,1,W
14,33,2,W
16,33,1,W
16,33,3,W
18,33,2,W
18,33,3,W
20,33,0,W
20,33,1,W
20,33,2,W
22,33,0,W
22,33,1,W
22,33,3,W
24,33,0,W
24,33,2,W
24,33,3,W
26,33,1,W
26,33,2,W
26,33,3,W
28,33,0,W
28,33,1,W
28,33,2,W
28,33,3,W
30,33,1,X
32,33,2,X
34,33,3,X
36,33,0,X
36,33,1,X
38,33,0,X
38,33,2,X
40,33,0,X
40,33,3,X
42,33,1,X
42,33,2,X
44,33,1,X
44,33,3,X
46,33,2,X
46,33,3,X
48,33,0,X
48,33,1,X
48,33,2,X
50,33,0,X
50,33,1,X
50,33,3,X
52,33,0,X
52,33,2,X
52,33,3,X
54,33,1,X
54,33,2,X
54,33,3,X
56,33,0,X
56,33,1,X
56,33,2,X
56,33,3,X
0,34,0,
30,34,1,S
32,34,2,S
34,34,3,S
36,34,0,S
36,34,1,S
38,34,0,S
38,34,2,S
40,34,0,S
40,34,3,S
42,34,1,S
42,34,2,S
44,34,1,S
44,34,3,S
46,34,2,S
46,34,3,S
48,34,0,S
48,34,1,S
48,34,2,S
50,34,0,S
50,34,1,S
50,34,3,S
52,34,0,S
52,34,2,S
52,34,3,S
54,34,1,S
54,34,2,S
54,34,3,S
56,34,0,S
56,34,1,S
56,34,2,S
56,34,3,S
2,34,1,W
4,34,2,W
6,34,3,W
8,34,0,W
8,34,1,W
10,34,0,W
10,34,2,W
12,34,0,W
12,34,3,W
14,34,1,W
14,34,2,W
16,34,1,W
16,34,3,W
18,34,2,W
18,34,3,W
20,34,0,W
20,34,1,W
20,34,2,W
22,34,0,W
22,34,1,W
22,34,3,W
24,34,0,W
24,34,2,W
24,34,3,W
26,34,1,W
26,34,2,W
26,34,3,W
28,34,0,W
28,34,1,W
28,34,2,W
28,34,3,W
0,35,0,
30,35,1,S
32,35,2,S
34,35,3,S
36,35,0,S
36,35,1,S
38,35,0,S
38,35,2,S
40,35,0,S
40,35,3,S
42,35,1,S
42,35,2,S
44,35,1,S
44,35,3,S
46,35,2,S
46,35,3,S
48,35,0,S
48,35,1,S
48,35,2,S
50,35,0,S
50,35,1,S
50,35,3,S
52,35,0,S
52,35,2,S
52,35,3,S
54,35,1,S
54,35,2,S
54,35,3,S
56,35,0,S
56,35,1,S
56,35,2,S
56,35,3,S
30,35,1,U
32,35,2,U
34,35,3,U
36,35,0,U
36,35,1,U
38,35,0,U
38,35,2,U
40,35,0,U
40,35,3,U
42,35,1,U
42,35,2,U
44,35,1,U
44,35,3,U
46,35,2,U
46,35,3,U
48,35,0,U
48,35,1,U
48,35,2,U
50,35,0,U
50,35,1,U
50,35,3,U
52,35,0,U
52,35,2,U
52,35,3,U
54,35,1,U
54,35,2,U
54,35,3,U
56,35,0,U
56,35,1,U
56,35,2,U
56,35,3,U
2,35,1,W
4,35,2,W
6,35,3,W
8,35,0,W
8,35,1,W
10,35,0,W
10,35,2,W
12,35,0,W
12,35,3,W
14,35,1,W
14,35,2,W
16,35,1,W
16,35,3,W
18,35,2,W
18,35,3,W
20,35,0,W
20,35,1,W
20,35,2,W
22,35,0,W
22,35,1,W
22,35,3,W
24,35,0,W
24,35,2,W
24,35,3,W
26,35,1,W
26,35,2,W
26,35,3,W
28,35,0,W
28,35,1,W
28,35,2,W
28,35,3,W
30,35,1,X
32,35,2,X
34,35,3,X
36,35,0,X
36,35,1,X
38,35,0,X
38,35,2,X
40,35,0,X
40,35,3,X
42,35,1,X
42,35,2,X
44,35,1,X
44,35,3,X
46,35,2,X
46,35,3,X
48,35,0,X
48,35,1,X
48,35,2,X
50,35,0,X
50,35,1,X
50,35,3,X
52,35,0,X
52,35,2,X
52,35,3,X
54,35,1,X
54,35,2,X
54,35,3,X
56,35,0,X
56,35,1,X
56,35,2,X
56,35,3,X
0,36,0,
2,36,1,W
4,36,2,W
6,36,3,W
8,36,0,W
8,36,1,W
10,36,0,W
10,36,2,W
12,36,0,W
12,36,3,W
14,36,1,W
14,36,2,W
16,36,1,W
16,36,3,W
18,36,2,W
18,36,3,W
20,36,0,W
20,36,1,W
20,36,2,W
22,36,0,W
22,36,1,W
22,36,3,W
24,36,0,W
24,36,2,W
24,36,3,W
26,36,1,W
26,36,2,W
26,36,3,W
28,36,0,W
28,36,1,W
28,36,2,W
28,36,3,W
0,37,0,
2,37,1,W
4,37,2,W
6,37,3,W
8,37,0,W
8,37,1,W
10,37,0,W
10,37,2,W
12,37,0,W
12,37,3,W
14,37,1,W
14,37,2,W
16,37,1,W
16,37,3,W
18,37,2,W
18,37,3,W
20,37,0,W
20,37,1,W
20,37,2,W
22,37,0,W
22,37,1,W
22,37,3,W
24,37,0,W
24,37,2,W
24,37,3,W
26,37,1,W
26,37,2,W
26,37,3,W
28,37,0,W
28,37,1,W
28,37,2,W
28,37,3,W
0,38,0,
2,38,1,W
4,38,2,W
6,38,3,W
8,38,0,W
8,38,1,W
10,38,0,W
10,38,2,W
12,38,0,W
12,38,3,W
14,38,1,W
14,38,2,W
16,38,1,W
16,38,3,W
18,38,2,W
18,38,3,W
20,38,0,W
20,38,1,W
20,38,2,W
22,38,0,W
22,38,1,W
22,38,3,W
24,38,0,W
24,38,2,W
24,38,3,W
26,38,1,W
26,38,2,W
26,38,3,W
28,38,0,W
28,38,1,W
28,38,2,W
28,38,3,W
0,39,0,
30,39,1,S
32,39,2,S
34,39,3,S
36,39,0,S
36,39,1,S
38,39,0,S
38,39,2,S
40,39,0,S
40,39,3,S
42,39,1,S
42,39,2,S
44,39,1,S
44,39,3,S
46,39,2,S
46,39,3,S
48,39,0,S
48,39,1,S
48,39,2,S
50,39,0,S
50,39,1,S
50,39,3,S
52,39,0,S
52,39,2,S
52,39,3,S
54,39,1,S
54,39,2,S
54,39,3,S
56,39,0,S
56,39,1,S
56,39,2,S
56,39,3,S
30,39,1,U
32,39,2,U
34,39,3,U
36,39,0,U
36,39,1,U
38,39,0,U
38,39,2,U
40,39,0,U
40,39,3,U
42,39,1,U
42,39,2,U
44,39,1,U
44,39,3,U
46,39,2,U
46,39,3,U
48,39,0,U
48,39,1,U
48,39,2,U
50,39,0,U
50,39,1,U
50,39,3,U
52,39,0,U
52,39,2,U
52,39,3,U
54,39,1,U
54,39,2,U
54,39,3,U
56,39,0,U
56,39,1,U
56,39,2,U
56,39,3,U
2,39,1,W
4,39,2,W
6,39,3,W
8,39,0,W
8,39,1,W
10,39,0,W
10,39,2,W
12,39,0,W
12,39,3,W
14,39,1,W
14,39,2,W
16,39,1,W
16,39,3,W
18,39,2,W
18,39,3,W
20,39,0,W
20,39,1,W
20,39,2,W
22,39,0,W
22,39,1,W
22,39,3,W
24,39,0,W
24,39,2,W
24,39,3,W
26,39,1,W
26,39,2,W
26,39,3,W
28,39,0,W
28,39,1,W
28,39,2,W
28,39,3,W
30,39,1,X
32,39,2,X
34,39,3,X
36,39,0,X
36,39,1,X
38,39,0,X
38,39,2,X
40,39,0,X
40,39,3,X
42,39,1,X
42,39,2,X
44,39,1,X
44,39,3,X
46,39,2,X
46,39,3,X
48,39,0,X
48,39,1,X
48,39,2,X
50,39,0,X
50,39,1,X
50,39,3,X
52,39,0,X
52,39,2,X
52,39,3,X
54,39,1,X
54,39,2,X
54,39,3,X
56,39,0,X
56,39,1,X
56,39,2,X
56,39,3,X
0,41,0,
2,41,1,W
4,41,2,W
6,41,3,W
8,41,0,W
8,41,1,W
10,41,0,W
10,41,2,W
12,41,0,W
12,41,3,W
14,41,1,W
14,41,2,W
16,41,1,W
16,41,3,W
18,41,2,W
18,41,3,W
20,41,0,W
20,41,1,W
20,41,2,W
22,41,0,W
22,41,1,W
22,41,3,W
24,41,0,W
24,41,2,W
24,41,3,W
26,41,1,W
26,41,2,W
26,41,3,W
28,41,0,W
28,41,1,W
28,41,2,W
28,41,3,W
0,43,0,
30,43,1,S
32,43,2,S
34,43,3,S
36,43,0,S
36,43,1,S
38,43,0,S
38,43,2,S
40,43,0,S
40,43,3,S
42,43,1,S
42,43,2,S
44,43,1,S
44,43,3,S
46,43,2,S
46,43,3,S
48,43,0,S
48,43,1,S
48,43,2,S
50,43,0,S
50,43,1,S
50,43,3,S
52,43,0,S
52,43,2,S
52,43,3,S
54,43,1,S
54,43,2,S
54,43,3,S
56,43,0,S
56,43,1,S
56,43,2,S
56,43,3,S
30,43,1,U
32,43,2,U
34,43,3,U
36,43,0,U
36,43,1,U
38,43,0,U
38,43,2,U
40,43,0,U
40,43,3,U
42,43,1,U
42,43,2,U
44,43,1,U
44,43,3,U
46,43,2,U
46,43,3,U
48,43,0,U
48,43,1,U
48,43,2,U
50,43,0,U
50,43,1,U
50,43,3,U
52,43,0,U
52,43,2,U
52,43,3,U
54,43,1,U
54,43,2,U
54,43,3,U
56,43,0,U
56,43,1,U
56,43,2,U
56,43,3,U
2,43,1,W
4,43,2,W
6,43,3,W
8,43,0,W
8,43,1,W
10,43,0,W
10,43,2,W
12,43,0,W
12,43,3,W
14,43,1,W
14,43,2,W
16,43,1,W
16,43,3,W
18,43,2,W
18,43,3,W
20,43,0,W
20,43,1,W
20,43,2,W
22,43,0,W
22,43,1,W
22,43,3,W
24,43,0,W
24,43,2,W
24,43,3,W
26,43,1,W
26,43,2,W
26,43,3,W
28,43,0,W
28,43,1,W
28,43,2,W
28,43,3,W
30,43,1,X
32,43,2,X
34,43,3,X
36,43,0,X
36,43,1,X
38,43,0,X
38,43,2,X
40,43,0,X
40,43,3,X
42,43,1,X
42,43,2,X
44,43,1,X
44,43,3,X
46,43,2,X
46,43,3,X
48,43,0,X
48,43,1,X
48,43,2,X
50,43,0,X
50,43,1,X
50,43,3,X
52,43,0,X
52,43,2,X
52,43,3,X
54,43,1,X
54,43,2,X
54,43,3,X
56,43,0,X
56,43,1,X
56,43,2,X
56,43,3,X
0,44,0,
30,44,1,S
32,44,2,S
34,44,3,S
36,44,0,S
36,44,1,S
38,44,0,S
38,44,2,S
40,44,0,S
40,44,3,S
42,44,1,S
42,44,2,S
44,44,1,S
44,44,3,S
46,44,2,S
46,44,3,S
48,44,0,S
48,44,1,S
48,44,2,S
50,44,0,S
50,44,1,S
50,44,3,S
52,44,0,S
52,44,2,S
52,44,3,S
54,44,1,S
54,44,2,S
54,44,3,S
56,44,0,S
56,44,1,S
56,44,2,S
56,44,3,S
30,44,1,U
32,44,2,U
34,44,3,U
36,44,0,U
36,44,1,U
38,44,0,U
38,44,2,U
40,44,0,U
40,44,3,U
42,44,1,U
42,44,2,U
44,44,1,U
44,44,3,U
46,44,2,U
46,44,3,U
48,44,0,U
48,44,1,U
48,44,2,U
50,44,0,U
50,44,1,U
50,44,3,U
52,44,0,U
52,44,2,U
52,44,3,U
54,44,1,U
54,44,2,U
54,44,3,U
56,44,0,U
56,44,1,U
56,44,2,U
56,44,3,U
2,44,1,W
4,44,2,W
6,44,3,W
8,44,0,W
8,44,1,W
10,44,0,W
10,44,2,W
12,44,0,W
12,44,3,W
14,44,1,W
14,44,2,W
16,44,1,W
16,44,3,W
18,44,2,W
18,44,3,W
20,44,0,W
20,44,1,W
20,44,2,W
22,44,0,W
22,44,1,W
22,44,3,W
24,44,0,W
24,44,2,W
24,44,3,W
26,44,1,W
26,44,2,W
26,44,3,W
28,44,0,W
28,44,1,W
28,44,2,W
28,44,3,W
30,44,1,X
32,44,2,X
34,44,3,X
36,44,0,X
36,44,1,X
38,44,0,X
38,44,2,X
40,44,0,X
40,44,3,X
42,44,1,X
42,44,2,X
44,44,1,X
44,44,3,X
46,44,2,X
46,44,3,X
48,44,0,X
48,44,1,X
48,44,2,X
50,44,0,X
50,44,1,X
50,44,3,X
52,44,0,X
52,44,2,X
52,44,3,X
54,44,1,X
54,44,2,X
54,44,3,X
56,44,0,X
56,44,1,X
56,44,2,X
56,44,3,X
0,45,0,
30,45,1,S
32,45,2,S
34,45,3,S
36,45,0,S
36,45,1,S
38,45,0,S
38,45,2,S
40,45,0,S
40,45,3,S
42,45,1,S
42,45,2,S
44,45,1,S
44,45,3,S
46,45,2,S
46,45,3,S
48,45,0,S
48,45,1,S
48,45,2,S
50,45,0,S
50,45,1,S
50,45,3,S
52,45,0,S
52,45,2,S
52,45,3,S
54,45,1,S
54,45,2,S
54,45,3,S
56,45,0,S
56,45,1,S
56,45,2,S
56,45,3,S
30,45,1,U
32,45,2,U
34,45,3,U
36,45,0,U
36,45,1,U
38,45,0,U
38,45,2,U
40,45,0,U
40,45,3,U
42,45,1,U
42,45,2,U
44,45,1,U
44,45,3,U
46,45,2,U
46,45,3,U
48,45,0,U
48,45,1,U
48,45,2,U
50,45,0,U
50,45,1,U
50,45,3,U
52,45,0,U
52,45,2,U
52,45,3,U
54,45,1,U
54,45,2,U
54,45,3,U
56,45,0,U
56,45,1,U
56,45,2,U
56,45,3,U
2,45,1,W
4,45,2,W
6,45,3,W
8,45,0,W
8,45,1,W
10,45,0,W
10,45,2,W
12,45,0,W
12,45,3,W
14,45,1,W
14,45,2,W
16,45,1,W
16,45,3,W
18,45,2,W
18,45,3,W
20,45,0,W
20,45,1,W
20,45,2,W
22,45,0,W
22,45,1,W
22,45,3,W
24,45,0,W
24,45,2,W
24,45,3,W
26,45,1,W
26,45,2,W
26,45,3,W
28,45,0,W
28,45,1,W
28,45,2,W
28,45,3,W
30,45,1,X
32,45,2,X
34,45,3,X
36,45,0,X
36,45,1,X
38,45,0,X
38,45,2,X
40,45,0,X
40,45,3,X
42,45,1,X
42,45,2,X
44,45,1,X
44,45,3,X
46,45,2,X
46,45,3,X
48,45,0,X
48,45,1,X
48,45,2,X
50,45,0,X
50,45,1,X
50,45,3,X
52,45,0,X
52,45,2,X
52,45,3,X
54,45,1,X
54,45,2,X
54,45,3,X
56,45,0,X
56,45,1,X
56,45,2,X
56,45,3,X
0,46,0,
2,46,1,W
4,46,2,W
6,46,3,W
8,46,0,W
8,46,1,W
10,46,0,W
10,46,2,W
12,46,0,W
12,46,3,W
14,46,1,W
14,46,2,W
16,46,1,W
16,46,3,W
18,46,2,W
18,46,3,W
20,46,0,W
20,46,1,W
20,46,2,W
22,46,0,W
22,46,1,W
22,46,3,W
24,46,0,W
24,46,2,W
24,46,3,W
26,46,1,W
26,46,2,W
26,46,3,W
28,46,0,W
28,46,1,W
28,46,2,W
28,46,3,W
0,47,0,
30,47,1,S
32,47,2,S
34,47,3,S
36,47,0,S
36,47,1,S
38,47,0,S
38,47,2,S
40,47,0,S
40,47,3,S
42,47,1,S
42,47,2,S
44,47,1,S
44,47,3,S
46,47,2,S
46,47,3,S
48,47,0,S
48,47,1,S
48,47,2,S
50,47,0,S
50,47,1,S
50,47,3,S
52,47,0,S
52,47,2,S
52,47,3,S
54,47,1,S
54,47,2,S
54,47,3,S
56,47,0,S
56,47,1,S
56,47,2,S
56,47,3,S
30,47,1,U
32,47,2,U
34,47,3,U
36,47,0,U
36,47,1,U
38,47,0,U
38,47,2,U
40,47,0,U
40,47,3,U
42,47,1,U
42,47,2,U
44,47,1,U
44,47,3,U
46,47,2,U
46,47,3,U
48,47,0,U
48,47,1,U
48,47,2,U
50,47,0,U
50,47,1,U
50,47,3,U
52,47,0,U
52,47,2,U
52,47,3,U
54,47,1,U
54,47,2,U
54,47,3,U
56,47,0,U
56,47,1,U
56,47,2,U
56,47,3,U
2,47,1,W
4,47,2,W
6,47,3,W
8,47,0,W
8,47,1,W
10,47,0,W
10,47,2,W
12,47,0,W
12,47,3,W
14,47,1,W
14,47,2,W
16,47,1,W
16,47,3,W
18,47,2,W
18,47,3,W
20,47,0,W
20,47,1,W
20,47,2,W
22,47,0,W
22,47,1,W
22,47,3,W
24,47,0,W
24,47,2,W
24,47,3,W
26,47,1,W
26,47,2,W
26,47,3,W
28,47,0,W
28,47,1,W
28,47,2,W
28,47,3,W
30,47,1,X
32,47,2,X
34,47,3,X
36,47,0,X
36,47,1,X
38,47,0,X
38,47,2,X
40,47,0,X
40,47,3,X
42,47,1,X
42,47,2,X
44,47,1,X
44,47,3,X
46,47,2,X
46,47,3,X
48,47,0,X
48,47,1,X
48,47,2,X
50,47,0,X
50,47,1,X
50,47,3,X
52,47,0,X
52,47,2,X
52,47,3,X
54,47,1,X
54,47,2,X
54,47,3,X
56,47,0,X
56,47,1,X
56,47,2,X
56,47,3,X
0,48,0,
30,48,1,S
32,48,2,S
34,48,3,S
36,48,0,S
36,48,1,S
38,48,0,S
38,48,2,S
40,48,0,S
40,48,3,S
42,48,1,S
42,48,2,S
44,48,1,S
44,48,3,S
46,48,2,S
46,48,3,S
48,48,0,S
48,48,1,S
48,48,2,S
50,48,0,S
50,48,1,S
50,48,3,S
52,48,0,S
52,48,2,S
52,48,3,S
54,48,1,S
54,48,2,S
54,48,3,S
56,48,0,S
56,48,1,S
56,48,2,S
56,48,3,S
30,48,1,U
32,48,2,U
34,48,3,U
36,48,0,U
36,48,1,U
38,48,0,U
38,48,2,U
40,48,0,U
40,48,3,U
42,48,1,U
42,48,2,U
44,48,1,U
44,48,3,U
46,48,2,U
46,48,3,U
48,48,0,U
48,48,1,U
48,48,2,U
50,48,0,U
50,48,1,U
50,48,3,U
52,48,0,U
52,48,2,U
52,48,3,U
54,48,1,U
54,48,2,U
54,48,3,U
56,48,0,U
56,48,1,U
56,48,2,U
56,48,3,U
2,48,1,W
4,48,2,W
6,48,3,W
8,48,0,W
8,48,1,W
10,48,0,W
10,48,2,W
12,48,0,W
12,48,3,W
14,48,1,W
14,48,2,W
16,48,1,W
16,48,3,W
18,48,2,W
18,48,3,W
20,48,0,W
20,48,1,W
20,48,2,W
22,48,0,W
22,48,1,W
22,48,3,W
24,48,0,W
24,48,2,W
24,48,3,W
26,48,1,W
26,48,2,W
26,48,3,W
28,48,0,W
28,48,1,W
28,48,2,W
28,48,3,W
30,48,1,X
32,48,2,X
34,48,3,X
36,48,0,X
36,48,1,X
38,48,0,X
38,48,2,X
40,48,0,X
40,48,3,X
42,48,1,X
42,48,2,X
44,48,1,X
44,48,3,X
46,48,2,X
46,48,3,X
48,48,0,X
48,48,1,X
48,48,2,X
50,48,0,X
50,48,1,X
50,48,3,X
52,48,0,X
52,48,2,X
52,48,3,X
54,48,1,X
54,48,2,X
54,48,3,X
56,48,0,X
56,48,1,X
56,48,2,X
56,48,3,X
0,51,0,
30,51,1,S
32,51,2,S
34,51,3,S
36,51,0,S
36,51,1,S
38,51,0,S
38,51,2,S
40,51,0,S
40,51,3,S
42,51,1,S
42,51,2,S
44,51,1,S
44,51,3,S
46,51,2,S
46,51,3,S
48,51,0,S
48,51,1,S
48,51,2,S
50,51,0,S
50,51,1,S
50,51,3,S
52,51,0,S
52,51,2,S
52,51,3,S
54,51,1,S
54,51,2,S
54,51,3,S
56,51,0,S
56,51,1,S
56,51,2,S
56,51,3,S
2,51,1,W
4,51,2,W
6,51,3,W
8,51,0,W
8,51,1,W
10,51,0,W
10,51,2,W
12,51,0,W
12,51,3,W
14,51,1,W
14,51,2,W
16,51,1,W
16,51,3,W
18,51,2,W
18,51,3,W
20,51,0,W
20,51,1,W
20,51,2,W
22,51,0,W
22,51,1,W
22,51,3,W
24,51,0,W
24,51,2,W
24,51,3,W
26,51,1,W
26,51,2,W
26,51,3,W
28,51,0,W
28,51,1,W
28,51,2,W
28,51,3,W
0,52,0,
30,52,1,S
32,52,2,S
34,52,3,S
36,52,0,S
36,52,1,S
38,52,0,S
38,52,2,S
40,52,0,S
40,52,3,S
42,52,1,S
42,52,2,S
44,52,1,S
44,52,3,S
46,52,2,S
46,52,3,S
48,52,0,S
48,52,1,S
48,52,2,S
50,52,0,S
50,52,1,S
50,52,3,S
52,52,0,S
52,52,2,S
52,52,3,S
54,52,1,S
54,52,2,S
54,52,3,S
56,52,0,S
56,52,1,S
56,52,2,S
56,52,3,S
30,52,1,U
32,52,2,U
34,52,3,U
36,52,0,U
36,52,1,U
38,52,0,U
38,52,2,U
40,52,0,U
40,52,3,U
42,52,1,U
42,52,2,U
44,52,1,U
44,52,3,U
46,52,2,U
46,52,3,U
48,52,0,U
48,52,1,U
48,52,2,U
50,52,0,U
50,52,1,U
50,52,3,U
52,52,0,U
52,52,2,U
52,52,3,U
54,52,1,U
54,52,2,U
54,52,3,U
56,52,0,U
56,52,1,U
56,52,2,U
56,52,3,U
2,52,1,W
4,52,2,W
6,52,3,W
8,52,0,W
8,52,1,W
10,52,0,W
10,52,2,W
12,52,0,W
12,52,3,W
14,52,1,W
14,52,2,W
16,52,1,W
16,52,3,W
18,52,2,W
18,52,3,W
20,52,0,W
20,52,1,W
20,52,2,W
22,52,0,W
22,52,1,W
22,52,3,W
24,52,0,W
24,52,2,W
24,52,3,W
26,52,1,W
26,52,2,W
26,52,3,W
28,52,0,W
28,52,1,W
28,52,2,W
28,52,3,W
30,52,1,X
32,52,2,X
34,52,3,X
36,52,0,X
36,52,1,X
38,52,0,X
38,52,2,X
40,52,0,X
40,52,3,X
42,52,1,X
42,52,2,X
44,52,1,X
44,52,3,X
46,52,2,X
46,52,3,X
48,52,0,X
48,52,1,X
48,52,2,X
50,52,0,X
50,52,1,X
50,52,3,X
52,52,0,X
52,52,2,X
52,52,3,X
54,52,1,X
54,52,2,X
54,52,3,X
56,52,0,X
56,52,1,X
56,52,2,X
56,52,3,X
0,53,0,
2,53,1,W
4,53,2,W
6,53,3,W
8,53,0,W
8,53,1,W
10,53,0,W
10,53,2,W
12,53,0,W
12,53,3,W
14,53,1,W
14,53,2,W
16,53,1,W
16,53,3,W
18,53,2,W
18,53,3,W
20,53,0,W
20,53,1,W
20,53,2,W
22,53,0,W
22,53,1,W
22,53,3,W
24,53,0,W
24,53,2,W
24,53,3,W
26,53,1,W
26,53,2,W
26,53,3,W
28,53,0,W
28,53,1,W
28,53,2,W
28,53,3,W
0,54,0,
30,54,1,S
32,54,2,S
34,54,3,S
36,54,0,S
36,54,1,S
38,54,0,S
38,54,2,S
40,54,0,S
40,54,3,S
42,54,1,S
42,54,2,S
44,54,1,S
44,54,3,S
46,54,2,S
46,54,3,S
48,54,0,S
48,54,1,S
48,54,2,S
50,54,0,S
50,54,1,S
50,54,3,S
52,54,0,S
52,54,2,S
52,54,3,S
54,54,1,S
54,54,2,S
54,54,3,S
56,54,0,S
56,54,1,S
56,54,2,S
56,54,3,S
30,54,1,U
32,54,2,U
34,54,3,U
36,54,0,U
36,54,1,U
38,54,0,U
38,54,2,U
40,54,0,U
40,54,3,U
42,54,1,U
42,54,2,U
44,54,1,U
44,54,3,U
46,54,2,U
46,54,3,U
48,54,0,U
48,54,1,U
48,54,2,U
50,54,0,U
50,54,1,U
50,54,3,U
52,54,0,U
52,54,2,U
52,54,3,U
54,54,1,U
54,54,2,U
54,54,3,U
56,54,0,U
56,54,1,U
56,54,2,U
56,54,3,U
2,54,1,W
4,54,2,W
6,54,3,W
8,54,0,W
8,54,1,W
10,54,0,W
10,54,2,W
12,54,0,W
12,54,3,W
14,54,1,W
14,54,2,W
16,54,1,W
16,54,3,W
18,54,2,W
18,54,3,W
20,54,0,W
20,54,1,W
20,54,2,W
22,54,0,W
22,54,1,W
22,54,3,W
24,54,0,W
24,54,2,W
24,54,3,W
26,54,1,W
26,54,2,W
26,54,3,W
28,54,0,W
28,54,1,W
28,54,2,W
28,54,3,W
30,54,1,X
32,54,2,X
34,54,3,X
36,54,0,X
36,54,1,X
38,54,0,X
38,54,2,X
40,54,0,X
40,54,3,X
42,54,1,X
42,54,2,X
44,54,1,X
44,54,3,X
46,54,2,X
46,54,3,X
48,54,0,X
48,54,1,X
48,54,2,X
50,54,0,X
50,54,1,X
50,54,3,X
52,54,0,X
52,54,2,X
52,54,3,X
54,54,1,X
54,54,2,X
54,54,3,X
56,54,0,X
56,54,1,X
56,54,2,X
56,54,3,X
0,55,0,
2,55,1,W
4,55,2,W
6,55,3,W
8,55,0,W
8,55,1,W
10,55,0,W
10,55,2,W
12,55,0,W
12,55,3,W
14,55,1,W
14,55,2,W
16,55,1,W
16,55,3,W
18,55,2,W
18,55,3,W
20,55,0,W
20,55,1,W
20,55,2,W
22,55,0,W
22,55,1,W
22,55,3,W
24,55,0,W
24,55,2,W
24,55,3,W
26,55,1,W
26,55,2,W
26,55,3,W
28,55,0,W
28,55,1,W
28,55,2,W
28,55,3,W
0,56,0,
30,56,1,S
32,56,2,S
34,56,3,S
36,56,0,S
36,56,1,S
38,56,0,S
38,56,2,S
40,56,0,S
40,56,3,S
42,56,1,S
42,56,2,S
44,56,1,S
44,56,3,S
46,56,2,S
46,56,3,S
48,56,0,S
48,56,1,S
48,56,2,S
50,56,0,S
50,56,1,S
50,56,3,S
52,56,0,S
52,56,2,S
52,56,3,S
54,56,1,S
54,56,2,S
54,56,3,S
56,56,0,S
56,56,1,S
56,56,2,S
56,56,3,S
30,56,1,U
32,56,2,U
34,56,3,U
36,56,0,U
36,56,1,U
38,56,0,U
38,56,2,U
40,56,0,U
40,56,3,U
42,56,1,U
42,56,2,U
44,56,1,U
44,56,3,U
46,56,2,U
46,56,3,U
48,56,0,U
48,56,1,U
48,56,2,U
50,56,0,U
50,56,1,U
50,56,3,U
52,56,0,U
52,56,2,U
52,56,3,U
54,56,1,U
54,56,2,U
54,56,3,U
56,56,0,U
56,56,1,U
56,56,2,U
56,56,3,U
2,56,1,W
4,56,2,W
6,56,3,W
8,56,0,W
8,56,1,W
10,56,0,W
10,56,2,W
12,56,0,W
12,56,3,W
14,56,1,W
14,56,2,W
16,56,1,W
16,56,3,W
18,56,2,W
18,56,3,W
20,56,0,W
20,56,1,W
20,56,2,W
22,56,0,W
22,56,1,W
22,56,3,W
24,56,0,W
24,56,2,W
24,56,3,W
26,56,1,W
26,56,2,W
26,56,3,W
28,56,0,W
28,56,1,W
28,56,2,W
28,56,3,W
30,56,1,X
32,56,2,X
34,56,3,X
36,56,0,X
36,56,1,X
38,56,0,X
38,56,2,X
40,56,0,X
40,56,3,X
42,56,1,X
42,56,2,X
44,56,1,X
44,56,3,X
46,56,2,X
46,56,3,X
48,56,0,X
48,56,1,X
48,56,2,X
50,56,0,X
50,56,1,X
50,56,3,X
52,56,0,X
52,56,2,X
52,56,3,X
54,56,1,X
54,56,2,X
54,56,3,X
56,56,0,X
56,56,1,X
56,56,2,X
56,56,3,X
0,57,0,
30,57,1,S
32,57,2,S
34,57,3,S
36,57,0,S
36,57,1,S
38,57,0,S
38,57,2,S
40,57,0,S
40,57,3,S
42,57,1,S
42,57,2,S
44,57,1,S
44,57,3,S
46,57,2,S
46,57,3,S
48,57,0,S
48,57,1,S
48,57,2,S
50,57,0,S
50,57,1,S
50,57,3,S
52,57,0,S
52,57,2,S
52,57,3,S
54,57,1,S
54,57,2,S
54,57,3,S
56,57,0,S
56,57,1,S
56,57,2,S
56,57,3,S
30,57,1,U
32,57,2,U
34,57,3,U
36,57,0,U
36,57,1,U
38,57,0,U
38,57,2,U
40,57,0,U
40,57,3,U
42,57,1,U
42,57,2,U
44,57,1,U
44,57,3,U
46,57,2,U
46,57,3,U
48,57,0,U
48,57,1,U
48,57,2,U
50,57,0,U
50,57,1,U
50,57,3,U
52,57,0,U
52,57,2,U
52,57,3,U
54,57,1,U
54,57,2,U
54,57,3,U
56,57,0,U
56,57,1,U
56,57,2,U
56,57,3,U
2,57,1,W
4,57,2,W
6,57,3,W
8,57,0,W
8,57,1,W
10,57,0,W
10,57,2,W
12,57,0,W
12,57,3,W
14,57,1,W
14,57,2,W
16,57,1,W
16,57,3,W
18,57,2,W
18,57,3,W
20,57,0,W
20,57,1,W
20,57,2,W
22,57,0,W
22,57,1,W
22,57,3,W
24,57,0,W
24,57,2,W
24,57,3,W
26,57,1,W
26,57,2,W
26,57,3,W
28,57,0,W
28,57,1,W
28,57,2,W
28,57,3,W
30,57,1,X
32,57,2,X
34,57,3,X
36,57,0,X
36,57,1,X
38,57,0,X
38,57,2,X
40,57,0,X
40,57,3,X
42,57,1,X
42,57,2,X
44,57,1,X
44,57,3,X
46,57,2,X
46,57,3,X
48,57,0,X
48,57,1,X
48,57,2,X
50,57,0,X
50,57,1,X
50,57,3,X
52,57,0,X
52,57,2,X
52,57,3,X
54,57,1,X
54,57,2,X
54,57,3,X
56,57,0,X
56,57,1,X
56,57,2,X
56,57,3,X
0,58,0,
30,58,1,S
32,58,2,S
34,58,3,S
36,58,0,S
36,58,1,S
38,58,0,S
38,58,2,S
40,58,0,S
40,58,3,S
42,58,1,S
42,58,2,S
44,58,1,S
44,58,3,S
46,58,2,S
46,58,3,S
48,58,0,S
48,58,1,S
48,58,2,S
50,58,0,S
50,58,1,S
50,58,3,S
52,58,0,S
52,58,2,S
52,58,3,S
54,58,1,S
54,58,2,S
54,58,3,S
56,58,0,S
56,58,1,S
56,58,2,S
56,58,3,S
30,58,1,U
32,58,2,U
34,58,3,U
36,58,0,U
36,58,1,U
38,58,0,U
38,58,2,U
40,58,0,U
40,58,3,U
42,58,1,U
42,58,2,U
44,58,1,U
44,58,3,U
46,58,2,U
46,58,3,U
48,58,0,U
48,58,1,U
48,58,2,U
50,58,0,U
50,58,1,U
50,58,3,U
52,58,0,U
52,58,2,U
52,58,3,U
54,58,1,U
54,58,2,U
54,58,3,U
56,58,0,U
56,58,1,U
56,58,2,U
56,58,3,U
2,58,1,W
4,58,2,W
6,58,3,W
8,58,0,W
8,58,1,W
10,58,0,W
10,58,2,W
12,58,0,W
12,58,3,W
14,58,1,W
14,58,2,W
16,58,1,W
16,58,3,W
18,58,2,W
18,58,3,W
20,58,0,W
20,58,1,W
20,58,2,W
22,58,0,W
22,58,1,W
22,58,3,W
24,58,0,W
24,58,2,W
24,58,3,W
26,58,1,W
26,58,2,W
26,58,3,W
28,58,0,W
28,58,1,W
28,58,2,W
28,58,3,W
30,58,1,X
32,58,2,X
34,58,3,X
36,58,0,X
36,58,1,X
38,58,0,X
38,58,2,X
40,58,0,X
40,58,3,X
42,58,1,X
42,58,2,X
44,58,1,X
44,58,3,X
46,58,2,X
46,58,3,X
48,58,0,X
48,58,1,X
48,58,2,X
50,58,0,X
50,58,1,X
50,58,3,X
52,58,0,X
52,58,2,X
52,58,3,X
54,58,1,X
54,58,2,X
54,58,3,X
56,58,0,X
56,58,1,X
56,58,2,X
56,58,3,X
0,59,0,
30,59,1,S
32,59,2,S
34,59,3,S
36,59,0,S
36,59,1,S
38,59,0,S
38,59,2,S
40,59,0,S
40,59,3,S
42,59,1,S
42,59,2,S
44,59,1,S
44,59,3,S
46,59,2,S
46,59,3,S
48,59,0,S
48,59,1,S
48,59,2,S
50,59,0,S
50,59,1,S
50,59,3,S
52,59,0,S
52,59,2,S
52,59,3,S
54,59,1,S
54,59,2,S
54,59,3,S
56,59,0,S
56,59,1,S
56,59,2,S
56,59,3,S
30,59,1,U
32,59,2,U
34,59,3,U
36,59,0,U
36,59,1,U
38,59,0,U
38,59,2,U
40,59,0,U
40,59,3,U
42,59,1,U
42,59,2,U
44,59,1,U
44,59,3,U
46,59,2,U
46,59,3,U
48,59,0,U
48,59,1,U
48,59,2,U
50,59,0,U
50,59,1,U
50,59,3,U
52,59,0,U
52,59,2,U
52,59,3,U
54,59,1,U
54,59,2,U
54,59,3,U
56,59,0,U
56,59,1,U
56,59,2,U
56,59,3,U
2,59,1,W
4,59,2,W
6,59,3,W
8,59,0,W
8,59,1,W
10,59,0,W
10,59,2,W
12,59,0,W
12,59,3,W
14,59,1,W
14,59,2,W
16,59,1,W
16,59,3,W
18,59,2,W
18,59,3,W
20,59,0,W
20,59,1,W
20,59,2,W
22,59,0,W
22,59,1,W
22,59,3,W
24,59,0,W
24,59,2,W
24,59,3,W
26,59,1,W
26,59,2,W
26,59,3,W
28,59,0,W
28,59,1,W
28,59,2,W
28,59,3,W
30,59,1,X
32,59,2,X
34,59,3,X
36,59,0,X
36,59,1,X
38,59,0,X
38,59,2,X
40,59,0,X
40,59,3,X
42,59,1,X
42,59,2,X
44,59,1,X
44,59,3,X
46,59,2,X
46,59,3,X
48,59,0,X
48,59,1,X
48,59,2,X
50,59,0,X
50,59,1,X
50,59,3,X
52,59,0,X
52,59,2,X
52,59,3,X
54,59,1,X
54,59,2,X
54,59,3,X
56,59,0,X
56,59,1,X
56,59,2,X
56,59,3,X
0,60,0,
2,60,1,W
4,60,2,W
6,60,3,W
8,60,0,W
8,60,1,W
10,60,0,W
10,60,2,W
12,60,0,W
12,60,3,W
14,60,1,W
14,60,2,W
16,60,1,W
16,60,3,W
18,60,2,W
18,60,3,W
20,60,0,W
20,60,1,W
20,60,2,W
22,60,0,W
22,60,1,W
22,60,3,W
24,60,0,W
24,60,2,W
24,60,3,W
26,60,1,W
26,60,2,W
26,60,3,W
28,60,0,W
28,60,1,W
28,60,2,W
28,60,3,W
0,61,0,
2,61,1,W
4,61,2,W
6,61,3,W
8,61,0,W
8,61,1,W
10,61,0,W
10,61,2,W
12,61,0,W
12,61,3,W
14,61,1,W
14,61,2,W
16,61,1,W
16,61,3,W
18,61,2,W
18,61,3,W
20,61,0,W
20,61,1,W
20,61,2,W
22,61,0,W
22,61,1,W
22,61,3,W
24,61,0,W
24,61,2,W
24,61,3,W
26,61,1,W
26,61,2,W
26,61,3,W
28,61,0,W
28,61,1,W
28,61,2,W
28,61,3,W
0,62,0,
30,62,1,S
32,62,2,S
34,62,3,S
36,62,0,S
36,62,1,S
38,62,0,S
38,62,2,S
40,62,0,S
40,62,3,S
42,62,1,S
42,62,2,S
44,62,1,S
44,62,3,S
46,62,2,S
46,62,3,S
48,62,0,S
48,62,1,S
48,62,2,S
50,62,0,S
50,62,1,S
50,62,3,S
52,62,0,S
52,62,2,S
52,62,3,S
54,62,1,S
54,62,2,S
54,62,3,S
56,62,0,S
56,62,1,S
56,62,2,S
56,62,3,S
30,62,1,U
32,62,2,U
34,62,3,U
36,62,0,U
36,62,1,U
38,62,0,U
38,62,2,U
40,62,0,U
40,62,3,U
42,62,1,U
42,62,2,U
44,62,1,U
44,62,3,U
46,62,2,U
46,62,3,U
48,62,0,U
48,62,1,U
48,62,2,U
50,62,0,U
50,62,1,U
50,62,3,U
52,62,0,U
52,62,2,U
52,62,3,U
54,62,1,U
54,62,2,U
54,62,3,U
56,62,0,U
56,62,1,U
56,62,2,U
56,62,3,U
2,62,1,W
4,62,2,W
6,62,3,W
8,62,0,W
8,62,1,W
10,62,0,W
10,62,2,W
12,62,0,W
12,62,3,W
14,62,1,W
14,62,2,W
16,62,1,W
16,62,3,W
18,62,2,W
18,62,3,W
20,62,0,W
20,62,1,W
20,62,2,W
22,62,0,W
22,62,1,W
22,62,3,W
24,62,0,W
24,62,2,W
24,62,3,W
26,62,1,W
26,62,2,W
26,62,3,W
28,62,0,W
28,62,1,W
28,62,2,W
28,62,3,W
30,62,1,X
32,62,2,X
34,62,3,X
36,62,0,X
36,62,1,X
38,62,0,X
38,62,2,X
40,62,0,X
40,62,3,X
42,62,1,X
42,62,2,X
44,62,1,X
44,62,3,X
46,62,2,X
46,62,3,X
48,62,0,X
48,62,1,X
48,62,2,X
50,62,0,X
50,62,1,X
50,62,3,X
52,62,0,X
52,62,2,X
52,62,3,X
54,62,1,X
54,62,2,X
54,62,3,X
56,62,0,X
56,62,1,X
56,62,2,X
56,62,3,X
0,63,0,
30,63,1,S
32,63,2,S
34,63,3,S
36,63,0,S
36,63,1,S
38,63,0,S
38,63,2,S
40,63,0,S
40,63,3,S
42,63,1,S
42,63,2,S
44,63,1,S
44,63,3,S
46,63,2,S
46,63,3,S
48,63,0,S
48,63,1,S
48,63,2,S
50,63,0,S
50,63,1,S
50,63,3,S
52,63,0,S
52,63,2,S
52,63,3,S
54,63,1,S
54,63,2,S
54,63,3,S
56,63,0,S
56,63,1,S
56,63,2,S
56,63,3,S
30,63,1,U
32,63,2,U
34,63,3,U
36,63,0,U
36,63,1,U
38,63,0,U
38,63,2,U
40,63,0,U
40,63,3,U
42,63,1,U
42,63,2,U
44,63,1,U
44,63,3,U
46,63,2,U
46,63,3,U
48,63,0,U
48,63,1,U
48,63,2,U
50,63,0,U
50,63,1,U
50,63,3,U
52,63,0,U
52,63,2,U
52,63,3,U
54,63,1,U
54,63,2,U
54,63,3,U
56,63,0,U
56,63,1,U
56,63,2,U
56,63,3,U
2,63,1,W
4,63,2,W
6,63,3,W
8,63,0,W
8,63,1,W
10,63,0,W
10,63,2,W
12,63,0,W
12,63,3,W
14,63,1,W
14,63,2,W
16,63,1,W
16,63,3,W
18,63,2,W
18,63,3,W
20,63,0,W
20,63,1,W
20,63,2,W
22,63,0,W
22,63,1,W
22,63,3,W
24,63,0,W
24,63,2,W
24,63,3,W
26,63,1,W
26,63,2,W
26,63,3,W
28,63,0,W
28,63,1,W
28,63,2,W
28,63,3,W
30,63,1,X
32,63,2,X
34,63,3,X
36,63,0,X
36,63,1,X
38,63,0,X
38,63,2,X
40,63,0,X
40,63,3,X
42,63,1,X
42,63,2,X
44,63,1,X
44,63,3,X
46,63,2,X
46,63,3,X
48,63,0,X
48,63,1,X
48,63,2,X
50,63,0,X
50,63,1,X
50,63,3,X
52,63,0,X
52,63,2,X
52,63,3,X
54,63,1,X
54,63,2,X
54,63,3,X
56,63,0,X
56,63,1,X
56,63,2,X
56,63,3,X
0,64,0,
2,64,1,W
4,64,2,W
6,64,3,W
8,64,0,W
8,64,1,W
10,64,0,W
10,64,2,W
12,64,0,W
12,64,3,W
14,64,1,W
14,64,2,W
16,64,1,W
16,64,3,W
18,64,2,W
18,64,3,W
20,64,0,W
20,64,1,W
20,64,2,W
22,64,0,W
22,64,1,W
22,64,3,W
24,64,0,W
24,64,2,W
24,64,3,W
26,64,1,W
26,64,2,W
26,64,3,W
28,64,0,W
28,64,1,W
28,64,2,W
28,64,3,W
0,65,0,
2,65,1,W
4,65,2,W
6,65,3,W
8,65,0,W
8,65,1,W
10,65,0,W
10,65,2,W
12,65,0,W
12,65,3,W
14,65,1,W
14,65,2,W
16,65,1,W
16,65,3,W
18,65,2,W
18,65,3,W
20,65,0,W
20,65,1,W
20,65,2,W
22,65,0,W
22,65,1,W
22,65,3,W
24,65,0,W
24,65,2,W
24,65,3,W
26,65,1,W
26,65,2,W
26,65,3,W
28,65,0,W
28,65,1,W
28,65,2,W
28,65,3,W
0,66,0,
2,66,1,W
4,66,2,W
6,66,3,W
8,66,0,W
8,66,1,W
10,66,0,W
10,66,2,W
12,66,0,W
12,66,3,W
14,66,1,W
14,66,2,W
16,66,1,W
16,66,3,W
18,66,2,W
18,66,3,W
20,66,0,W
20,66,1,W
20,66,2,W
22,66,0,W
22,66,1,W
22,66,3,W
24,66,0,W
24,66,2,W
24,66,3,W
26,66,1,W
26,66,2,W
26,66,3,W
28,66,0,W
28,66,1,W
28,66,2,W
28,66,3,W
0,67,0,
30,67,1,S
32,67,2,S
34,67,3,S
36,67,0,S
36,67,1,S
38,67,0,S
38,67,2,S
40,67,0,S
40,67,3,S
42,67,1,S
42,67,2,S
44,67,1,S
44,67,3,S
46,67,2,S
46,67,3,S
48,67,0,S
48,67,1,S
48,67,2,S
50,67,0,S
50,67,1,S
50,67,3,S
52,67,0,S
52,67,2,S
52,67,3,S
54,67,1,S
54,67,2,S
54,67,3,S
56,67,0,S
56,67,1,S
56,67,2,S
56,67,3,S
30,67,1,U
32,67,2,U
34,67,3,U
36,67,0,U
36,67,1,U
38,67,0,U
38,67,2,U
40,67,0,U
40,67,3,U
42,67,1,U
42,67,2,U
44,67,1,U
44,67,3,U
46,67,2,U
46,67,3,U
48,67,0,U
48,67,1,U
48,67,2,U
50,67,0,U
50,67,1,U
50,67,3,U
52,67,0,U
52,67,2,U
52,67,3,U
54,67,1,U
54,67,2,U
54,67,3,U
56,67,0,U
56,67,1,U
56,67,2,U
56,67,3,U
2,67,1,W
4,67,2,W
6,67,3,W
8,67,0,W
8,67,1,W
10,67,0,W
10,67,2,W
12,67,0,W
12,67,3,W
14,67,1,W
14,67,2,W
16,67,1,W
16,67,3,W
18,67,2,W
18,67,3,W
20,67,0,W
20,67,1,W
20,67,2,W
22,67,0,W
22,67,1,W
22,67,3,W
24,67,0,W
24,67,2,W
24,67,3,W
26,67,1,W
26,67,2,W
26,67,3,W
28,67,0,W
28,67,1,W
28,67,2,W
28,67,3,W
30,67,1,X
32,67,2,X
34,67,3,X
36,67,0,X
36,67,1,X
38,67,0,X
38,67,2,X
40,67,0,X
40,67,3,X
42,67,1,X
42,67,2,X
44,67,1,X
44,67,3,X
46,67,2,X
46,67,3,X
48,67,0,X
48,67,1,X
48,67,2,X
50,67,0,X
50,67,1,X
50,67,3,X
52,67,0,X
52,67,2,X
52,67,3,X
54,67,1,X
54,67,2,X
54,67,3,X
56,67,0,X
56,67,1,X
56,67,2,X
56,67,3,X
0,68,0,
2,68,1,W
4,68,2,W
6,68,3,W
8,68,0,W
8,68,1,W
10,68,0,W
10,68,2,W
12,68,0,W
12,68,3,W
14,68,1,W
14,68,2,W
16,68,1,W
16,68,3,W
18,68,2,W
18,68,3,W
20,68,0,W
20,68,1,W
20,68,2,W
22,68,0,W
22,68,1,W
22,68,3,W
24,68,0,W
24,68,2,W
24,68,3,W
26,68,1,W
26,68,2,W
26,68,3,W
28,68,0,W
28,68,1,W
28,68,2,W
28,68,3,W
0,70,0,
30,70,1,S
32,70,2,S
34,70,3,S
36,70,0,S
36,70,1,S
38,70,0,S
38,70,2,S
40,70,0,S
40,70,3,S
42,70,1,S
42,70,2,S
44,70,1,S
44,70,3,S
46,70,2,S
46,70,3,S
48,70,0,S
48,70,1,S
48,70,2,S
50,70,0,S
50,70,1,S
50,70,3,S
52,70,0,S
52,70,2,S
52,70,3,S
54,70,1,S
54,70,2,S
54,70,3,S
56,70,0,S
56,70,1,S
56,70,2,S
56,70,3,S
30,70,1,U
32,70,2,U
34,70,3,U
36,70,0,U
36,70,1,U
38,70,0,U
38,70,2,U
40,70,0,U
40,70,3,U
42,70,1,U
42,70,2,U
44,70,1,U
44,70,3,U
46,70,2,U
46,70,3,U
48,70,0,U
48,70,1,U
48,70,2,U
50,70,0,U
50,70,1,U
50,70,3,U
52,70,0,U
52,70,2,U
52,70,3,U
54,70,1,U
54,70,2,U
54,70,3,U
56,70,0,U
56,70,1,U
56,70,2,U
56,70,3,U
2,70,1,W
4,70,2,W
6,70,3,W
8,70,0,W
8,70,1,W
10,70,0,W
10,70,2,W
12,70,0,W
12,70,3,W
14,70,1,W
14,70,2,W
16,70,1,W
16,70,3,W
18,70,2,W
18,70,3,W
20,70,0,W
20,70,1,W
20,70,2,W
22,70,0,W
22,70,1,W
22,70,3,W
24,70,0,W
24,70,2,W
24,70,3,W
26,70,1,W
26,70,2,W
26,70,3,W
28,70,0,W
28,70,1,W
28,70,2,W
28,70,3,W
30,70,1,X
32,70,2,X
34,70,3,X
36,70,0,X
36,70,1,X
38,70,0,X
38,70,2,X
40,70,0,X
40,70,3,X
42,70,1,X
42,70,2,X
44,70,1,X
44,70,3,X
46,70,2,X
46,70,3,X
48,70,0,X
48,70,1,X
48,70,2,X
50,70,0,X
50,70,1,X
50,70,3,X
52,70,0,X
52,70,2,X
52,70,3,X
54,70,1,X
54,70,2,X
54,70,3,X
56,70,0,X
56,70,1,X
56,70,2,X
56,70,3,X
0,71,0,
30,71,1,S
32,71,2,S
34,71,3,S
36,71,0,S
36,71,1,S
38,71,0,S
38,71,2,S
40,71,0,S
40,71,3,S
42,71,1,S
42,71,2,S
44,71,1,S
44,71,3,S
46,71,2,S
46,71,3,S
48,71,0,S
48,71,1,S
48,71,2,S
50,71,0,S
50,71,1,S
50,71,3,S
52,71,0,S
52,71,2,S
52,71,3,S
54,71,1,S
54,71,2,S
54,71,3,S
56,71,0,S
56,71,1,S
56,71,2,S
56,71,3,S
30,71,1,U
32,71,2,U
34,71,3,U
36,71,0,U
36,71,1,U
38,71,0,U
38,71,2,U
40,71,0,U
40,71,3,U
42,71,1,U
42,71,2,U
44,71,1,U
44,71,3,U
46,71,2,U
46,71,3,U
48,71,0,U
48,71,1,U
48,71,2,U
50,71,0,U
50,71,1,U
50,71,3,U
52,71,0,U
52,71,2,U
52,71,3,U
54,71,1,U
54,71,2,U
54,71,3,U
56,71,0,U
56,71,1,U
56,71,2,U
56,71,3,U
2,71,1,W
4,71,2,W
6,71,3,W
8,71,0,W
8,71,1,W
10,71,0,W
10,71,2,W
12,71,0,W
12,71,3,W
14,71,1,W
14,71,2,W
16,71,1,W
16,71,3,W
18,71,2,W
18,71,3,W
20,71,0,W
20,71,1,W
20,71,2,W
22,71,0,W
22,71,1,W
22,71,3,W
24,71,0,W
24,71,2,W
24,71,3,W
26,71,1,W
26,71,2,W
26,71,3,W
28,71,0,W
28,71,1,W
28,71,2,W
28,71,3,W
30,71,1,X
32,71,2,X
34,71,3,X
36,71,0,X
36,71,1,X
38,71,0,X
38,71,2,X
40,71,0,X
40,71,3,X
42,71,1,X
42,71,2,X
44,71,1,X
44,71,3,X
46,71,2,X
46,71,3,X
48,71,0,X
48,71,1,X
48,71,2,X
50,71,0,X
50,71,1,X
50,71,3,X
52,71,0,X
52,71,2,X
52,71,3,X
54,71,1,X
54,71,2,X
54,71,3,X
56,71,0,X
56,71,1,X
56,71,2,X
56,71,3,X
0,72,0,
30,72,1,S
32,72,2,S
34,72,3,S
36,72,0,S
36,72,1,S
38,72,0,S
38,72,2,S
40,72,0,S
40,72,3,S
42,72,1,S
42,72,2,S
44,72,1,S
44,72,3,S
46,72,2,S
46,72,3,S
48,72,0,S
48,72,1,S
48,72,2,S
50,72,0,S
50,72,1,S
50,72,3,S
52,72,0,S
52,72,2,S
52,72,3,S
54,72,1,S
54,72,2,S
54,72,3,S
56,72,0,S
56,72,1,S
56,72,2,S
56,72,3,S
30,72,1,U
32,72,2,U
34,72,3,U
36,72,0,U
36,72,1,U
38,72,0,U
38,72,2,U
40,72,0,U
40,72,3,U
42,72,1,U
42,72,2,U
44,72,1,U
44,72,3,U
46,72,2,U
46,72,3,U
48,72,0,U
48,72,1,U
48,72,2,U
50,72,0,U
50,72,1,U
50,72,3,U
52,72,0,U
52,72,2,U
52,72,3,U
54,72,1,U
54,72,2,U
54,72,3,U
56,72,0,U
56,72,1,U
56,72,2,U
56,72,3,U
2,72,1,W
4,72,2,W
6,72,3,W
8,72,0,W
8,72,1,W
10,72,0,W
10,72,2,W
12,72,0,W
12,72,3,W
14,72,1,W
14,72,2,W
16,72,1,W
16,72,3,W
18,72,2,W
18,72,3,W
20,72,0,W
20,72,1,W
20,72,2,W
22,72,0,W
22,72,1,W
22,72,3,W
24,72,0,W
24,72,2,W
24,72,3,W
26,72,1,W
26,72,2,W
26,72,3,W
28,72,0,W
28,72,1,W
28,72,2,W
28,72,3,W
30,72,1,X
32,72,2,X
34,72,3,X
36,72,0,X
36,72,1,X
38,72,0,X
38,72,2,X
40,72,0,X
40,72,3,X
42,72,1,X
42,72,2,X
44,72,1,X
44,72,3,X
46,72,2,X
46,72,3,X
48,72,0,X
48,72,1,X
48,72,2,X
50,72,0,X
50,72,1,X
50,72,3,X
52,72,0,X
52,72,2,X
52,72,3,X
54,72,1,X
54,72,2,X
54,72,3,X
56,72,0,X
56,72,1,X
56,72,2,X
56,72,3,X
0,73,0,
30,73,1,K
32,73,2,K
34,73,3,K
36,73,0,K
36,73,1,K
38,73,0,K
38,73,2,K
40,73,0,K
40,73,3,K
42,73,1,K
42,73,2,K
44,73,1,K
44,73,3,K
46,73,2,K
46,73,3,K
48,73,0,K
48,73,1,K
48,73,2,K
50,73,0,K
50,73,1,K
50,73,3,K
52,73,0,K
52,73,2,K
52,73,3,K
54,73,1,K
54,73,2,K
54,73,3,K
56,73,0,K
56,73,1,K
56,73,2,K
56,73,3,K
30,73,1,k
32,73,2,k
34,73,3,k
36,73,0,k
36,73,1,k
38,73,0,k
38,73,2,k
40,73,0,k
40,73,3,k
42,73,1,k
42,73,2,k
44,73,1,k
44,73,3,k
46,73,2,k
46,73,3,k
48,73,0,k
48,73,1,k
48,73,2,k
50,73,0,k
50,73,1,k
50,73,3,k
52,73,0,k
52,73,2,k
52,73,3,k
54,73,1,k
54,73,2,k
54,73,3,k
56,73,0,k
56,73,1,k
56,73,2,k
56,73,3,k
0,74,0,
2,74,1,W
4,74,2,W
6,74,3,W
8,74,0,W
8,74,1,W
10,74,0,W
10,74,2,W
12,74,0,W
12,74,3,W
14,74,1,W
14,74,2,W
16,74,1,W
16,74,3,W
18,74,2,W
18,74,3,W
20,74,0,W
20,74,1,W
20,74,2,W
22,74,0,W
22,74,1,W
22,74,3,W
24,74,0,W
24,74,2,W
24,74,3,W
26,74,1,W
26,74,2,W
26,74,3,W
28,74,0,W
28,74,1,W
28,74,2,W
28,74,3,W
0,75,0,
30,75,1,S
32,75,2,S
34,75,3,S
36,75,0,S
36,75,1,S
38,75,0,S
38,75,2,S
40,75,0,S
40,75,3,S
42,75,1,S
42,75,2,S
44,75,1,S
44,75,3,S
46,75,2,S
46,75,3,S
48,75,0,S
48,75,1,S
48,75,2,S
50,75,0,S
50,75,1,S
50,75,3,S
52,75,0,S
52,75,2,S
52,75,3,S
54,75,1,S
54,75,2,S
54,75,3,S
56,75,0,S
56,75,1,S
56,75,2,S
56,75,3,S
30,75,1,U
32,75,2,U
34,75,3,U
36,75,0,U
36,75,1,U
38,75,0,U
38,75,2,U
40,75,0,U
40,75,3,U
42,75,1,U
42,75,2,U
44,75,1,U
44,75,3,U
46,75,2,U
46,75,3,U
48,75,0,U
48,75,1,U
48,75,2,U
50,75,0,U
50,75,1,U
50,75,3,U
52,75,0,U
52,75,2,U
52,75,3,U
54,75,1,U
54,75,2,U
54,75,3,U
56,75,0,U
56,75,1,U
56,75,2,U
56,75,3,U
2,75,1,W
4,75,2,W
6,75,3,W
8,75,0,W
8,75,1,W
10,75,0,W
10,75,2,W
12,75,0,W
12,75,3,W
14,75,1,W
14,75,2,W
16,75,1,W
16,75,3,W
18,75,2,W
18,75,3,W
20,75,0,W
20,75,1,W
20,75,2,W
22,75,0,W
22,75,1,W
22,75,3,W
24,75,0,W
24,75,2,W
24,75,3,W
26,75,1,W
26,75,2,W
26,75,3,W
28,75,0,W
28,75,1,W
28,75,2,W
28,75,3,W
30,75,1,X
32,75,2,X
34,75,3,X
36,75,0,X
36,75,1,X
38,75,0,X
38,75,2,X
40,75,0,X
40,75,3,X
42,75,1,X
42,75,2,X
44,75,1,X
44,75,3,X
46,75,2,X
46,75,3,X
48,75,0,X
48,75,1,X
48,75,2,X
50,75,0,X
50,75,1,X
50,75,3,X
52,75,0,X
52,75,2,X
52,75,3,X
54,75,1,X
54,75,2,X
54,75,3,X
56,75,0,X
56,75,1,X
56,75,2,X
56,75,3,X
0,76,0,
30,76,1,S
32,76,2,S
34,76,3,S
36,76,0,S
36,76,1,S
38,76,0,S
38,76,2,S
40,76,0,S
40,76,3,S
42,76,1,S
42,76,2,S
44,76,1,S
44,76,3,S
46,76,2,S
46,76,3,S
48,76,0,S
48,76,1,S
48,76,2,S
50,76,0,S
50,76,1,S
50,76,3,S
52,76,0,S
52,76,2,S
52,76,3,S
54,76,1,S
54,76,2,S
54,76,3,S
56,76,0,S
56,76,1,S
56,76,2,S
56,76,3,S
30,76,1,U
32,76,2,U
34,76,3,U
36,76,0,U
36,76,1,U
38,76,0,U
38,76,2,U
40,76,0,U
40,76,3,U
42,76,1,U
42,76,2,U
44,76,1,U
44,76,3,U
46,76,2,U
46,76,3,U
48,76,0,U
48,76,1,U
48,76,2,U
50,76,0,U
50,76,1,U
50,76,3,U
52,76,0,U
52,76,2,U
52,76,3,U
54,76,1,U
54,76,2,U
54,76,3,U
56,76,0,U
56,76,1,U
56,76,2,U
56,76,3,U
2,76,1,W
4,76,2,W
6,76,3,W
8,76,0,W
8,76,1,W
10,76,0,W
10,76,2,W
12,76,0,W
12,76,3,W
14,76,1,W
14,76,2,W
16,76,1,W
16,76,3,W
18,76,2,W
18,76,3,W
20,76,0,W
20,76,1,W
20,76,2,W
22,76,0,W
22,76,1,W
22,76,3,W
24,76,0,W
24,76,2,W
24,76,3,W
26,76,1,W
26,76,2,W
26,76,3,W
28,76,0,W
28,76,1,W
28,76,2,W
28,76,3,W
30,76,1,X
32,76,2,X
34,76,3,X
36,76,0,X
36,76,1,X
38,76,0,X
38,76,2,X
40,76,0,X
40,76,3,X
42,76,1,X
42,76,2,X
44,76,1,X
44,76,3,X
46,76,2,X
46,76,3,X
48,76,0,X
48,76,1,X
48,76,2,X
50,76,0,X
50,76,1,X
50,76,3,X
52,76,0,X
52,76,2,X
52,76,3,X
54,76,1,X
54,76,2,X
54,76,3,X
56,76,0,X
56,76,1,X
56,76,2,X
56,76,3,X
0,77,0,
30,77,1,S
32,77,2,S
34,77,3,S
36,77,0,S
36,77,1,S
38,77,0,S
38,77,2,S
40,77,0,S
40,77,3,S
42,77,1,S
42,77,2,S
44,77,1,S
44,77,3,S
46,77,2,S
46,77,3,S
48,77,0,S
48,77,1,S
48,77,2,S
50,77,0,S
50,77,1,S
50,77,3,S
52,77,0,S
52,77,2,S
52,77,3,S
54,77,1,S
54,77,2,S
54,77,3,S
56,77,0,S
56,77,1,S
56,77,2,S
56,77,3,S
30,77,1,U
32,77,2,U
34,77,3,U
36,77,0,U
36,77,1,U
38,77,0,U
38,77,2,U
40,77,0,U
40,77,3,U
42,77,1,U
42,77,2,U
44,77,1,U
44,77,3,U
46,77,2,U
46,77,3,U
48,77,0,U
48,77,1,U
48,77,2,U
50,77,0,U
50,77,1,U
50,77,3,U
52,77,0,U
52,77,2,U
52,77,3,U
54,77,1,U
54,77,2,U
54,77,3,U
56,77,0,U
56,77,1,U
56,77,2,U
56,77,3,U
2,77,1,W
4,77,2,W
6,77,3,W
8,77,0,W
8,77,1,W
10,77,0,W
10,77,2,W
12,77,0,W
12,77,3,W
14,77,1,W
14,77,2,W
16,77,1,W
16,77,3,W
18,77,2,W
18,77,3,W
20,77,0,W
20,77,1,W
20,77,2,W
22,77,0,W
22,77,1,W
22,77,3,W
24,77,0,W
24,77,2,W
24,77,3,W
26,77,1,W
26,77,2,W
26,77,3,W
28,77,0,W
28,77,1,W
28,77,2,W
28,77,3,W
30,77,1,X
32,77,2,X
34,77,3,X
36,77,0,X
36,77,1,X
38,77,0,X
38,77,2,X
40,77,0,X
40,77,3,X
42,77,1,X
42,77,2,X
44,77,1,X
44,77,3,X
46,77,2,X
46,77,3,X
48,77,0,X
48,77,1,X
48,77,2,X
50,77,0,X
50,77,1,X
50,77,3,X
52,77,0,X
52,77,2,X
52,77,3,X
54,77,1,X
54,77,2,X
54,77,3,X
56,77,0,X
56,77,1,X
56,77,2,X
56,77,3,X
0,78,0,
30,78,1,S
32,78,2,S
34,78,3,S
36,78,0,S
36,78,1,S
38,78,0,S
38,78,2,S
40,78,0,S
40,78,3,S
42,78,1,S
42,78,2,S
44,78,1,S
44,78,3,S
46,78,2,S
46,78,3,S
48,78,0,S
48,78,1,S
48,78,2,S
50,78,0,S
50,78,1,S
50,78,3,S
52,78,0,S
52,78,2,S
52,78,3,S
54,78,1,S
54,78,2,S
54,78,3,S
56,78,0,S
56,78,1,S
56,78,2,S
56,78,3,S
30,78,1,U
32,78,2,U
34,78,3,U
36,78,0,U
36,78,1,U
38,78,0,U
38,78,2,U
40,78,0,U
40,78,3,U
42,78,1,U
42,78,2,U
44,78,1,U
44,78,3,U
46,78,2,U
46,78,3,U
48,78,0,U
48,78,1,U
48,78,2,U
50,78,0,U
50,78,1,U
50,78,3,U
52,78,0,U
52,78,2,U
52,78,3,U
54,78,1,U
54,78,2,U
54,78,3,U
56,78,0,U
56,78,1,U
56,78,2,U
56,78,3,U
2,78,1,W
4,78,2,W
6,78,3,W
8,78,0,W
8,78,1,W
10,78,0,W
10,78,2,W
12,78,0,W
12,78,3,W
14,78,1,W
14,78,2,W
16,78,1,W
16,78,3,W
18,78,2,W
18,78,3,W
20,78,0,W
20,78,1,W
20,78,2,W
22,78,0,W
22,78,1,W
22,78,3,W
24,78,0,W
24,78,2,W
24,78,3,W
26,78,1,W
26,78,2,W
26,78,3,W
28,78,0,W
28,78,1,W
28,78,2,W
28,78,3,W
30,78,1,X
32,78,2,X
34,78,3,X
36,78,0,X
36,78,1,X
38,78,0,X
38,78,2,X
40,78,0,X
40,78,3,X
42,78,1,X
42,78,2,X
44,78,1,X
44,78,3,X
46,78,2,X
46,78,3,X
48,78,0,X
48,78,1,X
48,78,2,X
50,78,0,X
50,78,1,X
50,78,3,X
52,78,0,X
52,78,2,X
52,78,3,X
54,78,1,X
54,78,2,X
54,78,3,X
56,78,0,X
56,78,1,X
56,78,2,X
56,78,3,X
0,81,0,
2,81,1,W
4,81,2,W
6,81,3,W
8,81,0,W
8,81,1,W
10,81,0,W
10,81,2,W
12,81,0,W
12,81,3,W
14,81,1,W
14,81,2,W
16,81,1,W
16,81,3,W
18,81,2,W
18,81,3,W
20,81,0,W
20,81,1,W
20,81,2,W
22,81,0,W
22,81,1,W
22,81,3,W
24,81,0,W
24,81,2,W
24,81,3,W
26,81,1,W
26,81,2,W
26,81,3,W
28,81,0,W
28,81,1,W
28,81,2,W
28,81,3,W
0,82,0,
2,82,1,W
4,82,2,W
6,82,3,W
8,82,0,W
8,82,1,W
10,82,0,W
10,82,2,W
12,82,0,W
12,82,3,W
14,82,1,W
14,82,2,W
16,82,1,W
16,82,3,W
18,82,2,W
18,82,3,W
20,82,0,W
20,82,1,W
20,82,2,W
22,82,0,W
22,82,1,W
22,82,3,W
24,82,0,W
24,82,2,W
24,82,3,W
26,82,1,W
26,82,2,W
26,82,3,W
28,82,0,W
28,82,1,W
28,82,2,W
28,82,3,W
0,84,0,
2,84,1,W
4,84,2,W
6,84,3,W
8,84,0,W
8,84,1,W
10,84,0,W
10,84,2,W
12,84,0,W
12,84,3,W
14,84,1,W
14,84,2,W
16,84,1,W
16,84,3,W
18,84,2,W
18,84,3,W
20,84,0,W
20,84,1,W
20,84,2,W
22,84,0,W
22,84,1,W
22,84,3,W
24,84,0,W
24,84,2,W
24,84,3,W
26,84,1,W
26,84,2,W
26,84,3,W
28,84,0,W
28,84,1,W
28,84,2,W
28,84,3,W
0,85,0,
2,85,1,W
4,85,2,W
6,85,3,W
8,85,0,W
8,85,1,W
10,85,0,W
10,85,2,W
12,85,0,W
12,85,3,W
14,85,1,W
14,85,2,W
16,85,1,W
16,85,3,W
18,85,2,W
18,85,3,W
20,85,0,W
20,85,1,W
20,85,2,W
22,85,0,W
22,85,1,W
22,85,3,W
24,85,0,W
24,85,2,W
24,85,3,W
26,85,1,W
26,85,2,W
26,85,3,W
28,85,0,W
28,85,1,W
28,85,2,W
28,85,3,W
0,87,0,
2,87,1,W
4,87,2,W
6,87,3,W
8,87,0,W
8,87,1,W
10,87,0,W
10,87,2,W
12,87,0,W
12,87,3,W
14,87,1,W
14,87,2,W
16,87,1,W
16,87,3,W
18,87,2,W
18,87,3,W
20,87,0,W
20,87,1,W
20,87,2,W
22,87,0,W
22,87,1,W
22,87,3,W
24,87,0,W
24,87,2,W
24,87,3,W
26,87,1,W
26,87,2,W
26,87,3,W
28,87,0,W
28,87,1,W
28,87,2,W
28,87,3,W
0,88,0,
30,88,1,S
32,88,2,S
34,88,3,S
36,88,0,S
36,88,1,S
38,88,0,S
38,88,2,S
40,88,0,S
40,88,3,S
42,88,1,S
42,88,2,S
44,88,1,S
44,88,3,S
46,88,2,S
46,88,3,S
48,88,0,S
48,88,1,S
48,88,2,S
50,88,0,S
50,88,1,S
50,88,3,S
52,88,0,S
52,88,2,S
52,88,3,S
54,88,1,S
54,88,2,S
54,88,3,S
56,88,0,S
56,88,1,S
56,88,2,S
56,88,3,S
30,88,1,U
32,88,2,U
34,88,3,U
36,88,0,U
36,88,1,U
38,88,0,U
38,88,2,U
40,88,0,U
40,88,3,U
42,88,1,U
42,88,2,U
44,88,1,U
44,88,3,U
46,88,2,U
46,88,3,U
48,88,0,U
48,88,1,U
48,88,2,U
50,88,0,U
50,88,1,U
50,88,3,U
52,88,0,U
52,88,2,U
52,88,3,U
54,88,1,U
54,88,2,U
54,88,3,U
56,88,0,U
56,88,1,U
56,88,2,U
56,88,3,U
2,88,1,W
4,88,2,W
6,88,3,W
8,88,0,W
8,88,1,W
10,88,0,W
10,88,2,W
12,88,0,W
12,88,3,W
14,88,1,W
14,88,2,W
16,88,1,W
16,88,3,W
18,88,2,W
18,88,3,W
20,88,0,W
20,88,1,W
20,88,2,W
22,88,0,W
22,88,1,W
22,88,3,W
24,88,0,W
24,88,2,W
24,88,3,W
26,88,1,W
26,88,2,W
26,88,3,W
28,88,0,W
28,88,1,W
28,88,2,W
28,88,3,W
30,88,1,X
32,88,2,X
34,88,3,X
36,88,0,X
36,88,1,X
38,88,0,X
38,88,2,X
40,88,0,X
40,88,3,X
42,88,1,X
42,88,2,X
44,88,1,X
44,88,3,X
46,88,2,X
46,88,3,X
48,88,0,X
48,88,1,X
48,88,2,X
50,88,0,X
50,88,1,X
50,88,3,X
52,88,0,X
52,88,2,X
52,88,3,X
54,88,1,X
54,88,2,X
54,88,3,X
56,88,0,X
56,88,1,X
56,88,2,X
56,88,3,X
0,89,0,
30,89,1,S
32,89,2,S
34,89,3,S
36,89,0,S
36,89,1,S
38,89,0,S
38,89,2,S
40,89,0,S
40,89,3,S
42,89,1,S
42,89,2,S
44,89,1,S
44,89,3,S
46,89,2,S
46,89,3,S
48,89,0,S
48,89,1,S
48,89,2,S
50,89,0,S
50,89,1,S
50,89,3,S
52,89,0,S
52,89,2,S
52,89,3,S
54,89,1,S
54,89,2,S
54,89,3,S
56,89,0,S
56,89,1,S
56,89,2,S
56,89,3,S
30,89,1,U
32,89,2,U
34,89,3,U
36,89,0,U
36,89,1,U
38,89,0,U
38,89,2,U
40,89,0,U
40,89,3,U
42,89,1,U
42,89,2,U
44,89,1,U
44,89,3,U
46,89,2,U
46,89,3,U
48,89,0,U
48,89,1,U
48,89,2,U
50,89,0,U
50,89,1,U
50,89,3,U
52,89,0,U
52,89,2,U
52,89,3,U
54,89,1,U
54,89,2,U
54,89,3,U
56,89,0,U
56,89,1,U
56,89,2,U
56,89,3,U
2,89,1,W
4,89,2,W
6,89,3,W
8,89,0,W
8,89,1,W
10,89,0,W
10,89,2,W
12,89,0,W
12,89,3,W
14,89,1,W
14,89,2,W
16,89,1,W
16,89,3,W
18,89,2,W
18,89,3,W
20,89,0,W
20,89,1,W
20,89,2,W
22,89,0,W
22,89,1,W
22,89,3,W
24,89,0,W
24,89,2,W
24,89,3,W
26,89,1,W
26,89,2,W
26,89,3,W
28,89,0,W
28,89,1,W
28,89,2,W
28,89,3,W
30,89,1,X
32,89,2,X
34,89,3,X
36,89,0,X
36,89,1,X
38,89,0,X
38,89,2,X
40,89,0,X
40,89,3,X
42,89,1,X
42,89,2,X
44,89,1,X
44,89,3,X
46,89,2,X
46,89,3,X
48,89,0,X
48,89,1,X
48,89,2,X
50,89,0,X
50,89,1,X
50,89,3,X
52,89,0,X
52,89,2,X
52,89,3,X
54,89,1,X
54,89,2,X
54,89,3,X
56,89,0,X
56,89,1,X
56,89,2,X
56,89,3,X
0,90,0,
3,90,1,A
5,90,2,A
7,90,3,A
9,90,0,A
9,90,1,A
11,90,0,A
11,90,2,A
13,90,0,A
13,90,3,A
15,90,1,A
15,90,2,A
17,90,1,A
17,90,3,A
19,90,2,A
19,90,3,A
21,90,0,A
21,90,1,A
21,90,2,A
23,90,0,A
23,90,1,A
23,90,3,A
25,90,0,A
25,90,2,A
25,90,3,A
27,90,1,A
27,90,2,A
27,90,3,A
29,90,0,A
29,90,1,A
29,90,2,A
29,90,3,A
31,90,1,B
33,90,2,B
35,90,3,B
37,90,0,B
37,90,1,B
39,90,0,B
39,90,2,B
41,90,0,B
41,90,3,B
43,90,1,B
43,90,2,B
45,90,1,B
45,90,3,B
47,90,2,B
47,90,3,B
49,90,0,B
49,90,1,B
49,90,2,B
51,90,0,B
51,90,1,B
51,90,3,B
53,90,0,B
53,90,2,B
53,90,3,B
55,90,1,B
55,90,2,B
55,90,3,B
57,90,0,B
57,90,1,B
57,90,2,B
57,90,3,B
31,90,1,C
33,90,2,C
35,90,3,C
37,90,0,C
37,90,1,C
39,90,0,C
39,90,2,C
41,90,0,C
41,90,3,C
43,90,1,C
43,90,2,C
45,90,1,C
45,90,3,C
47,90,2,C
47,90,3,C
49,90,0,C
49,90,1,C
49,90,2,C
51,90,0,C
51,90,1,C
51,90,3,C
53,90,0,C
53,90,2,C
53,90,3,C
55,90,1,C
55,90,2,C
55,90,3,C
57,90,0,C
57,90,1,C
57,90,2,C
57,90,3,C
3,90,1,P
5,90,2,P
7,90,3,P
9,90,0,P
9,90,1,P
11,90,0,P
11,90,2,P
13,90,0,P
13,90,3,P
15,90,1,P
15,90,2,P
17,90,1,P
17,90,3,P
19,90,2,P
19,90,3,P
21,90,0,P
21,90,1,P
21,90,2,P
23,90,0,P
23,90,1,P
23,90,3,P
25,90,0,P
25,90,2,P
25,90,3,P
27,90,1,P
27,90,2,P
27,90,3,P
29,90,0,P
29,90,1,P
29,90,2,P
29,90,3,P
31,90,1,X
33,90,2,X
35,90,3,X
37,90,0,X
37,90,1,X
39,90,0,X
39,90,2,X
41,90,0,X
41,90,3,X
43,90,1,X
43,90,2,X
45,90,1,X
45,90,3,X
47,90,2,X
47,90,3,X
49,90,0,X
49,90,1,X
49,90,2,X
51,90,0,X
51,90,1,X
51,90,3,X
53,90,0,X
53,90,2,X
53,90,3,X
55,90,1,X
55,90,2,X
55,90,3,X
57,90,0,X
57,90,1,X
57,90,2,X
57,90,3,X
3,90,1,p
5,90,2,p
7,90,3,p
9,90,0,p
9,90,1,p
11,90,0,p
11,90,2,p
13,90,0,p
13,90,3,p
15,90,1,p
15,90,2,p
17,90,1,p
17,90,3,p
19,90,2,p
19,90,3,p
21,90,0,p
21,90,1,p
21,90,2,p
23,90,0,p
23,90,1,p
23,90,3,p
25,90,0,p
25,90,2,p
25,90,3,p
27,90,1,p
27,90,2,p
27,90,3,p
29,90,0,p
29,90,1,p
29,90,2,p
29,90,3,p
0,92,0,
2,92,1,W
4,92,2,W
6,92,3,W
8,92,0,W
8,92,1,W
10,92,0,W
10,92,2,W
12,92,0,W
12,92,3,W
14,92,1,W
14,92,2,W
16,92,1,W
16,92,3,W
18,92,2,W
18,92,3,W
20,92,0,W
20,92,1,W
20,92,2,W
22,92,0,W
22,92,1,W
22,92,3,W
24,92,0,W
24,92,2,W
24,92,3,W
26,92,1,W
26,92,2,W
26,92,3,W
28,92,0,W
28,92,1,W
28,92,2,W
28,92,3,W
0,93,0,
30,93,1,C
32,93,2,C
34,93,3,C
36,93,0,C
36,93,1,C
38,93,0,C
38,93,2,C
40,93,0,C
40,93,3,C
42,93,1,C
42,93,2,C
44,93,1,C
44,93,3,C
46,93,2,C
46,93,3,C
48,93,0,C
48,93,1,C
48,93,2,C
50,93,0,C
50,93,1,C
50,93,3,C
52,93,0,C
52,93,2,C
52,93,3,C
54,93,1,C
54,93,2,C
54,93,3,C
56,93,0,C
56,93,1,C
56,93,2,C
56,93,3,C
0,94,0,
2,94,1,W
4,94,2,W
6,94,3,W
8,94,0,W
8,94,1,W
10,94,0,W
10,94,2,W
12,94,0,W
12,94,3,W
14,94,1,W
14,94,2,W
16,94,1,W
16,94,3,W
18,94,2,W
18,94,3,W
20,94,0,W
20,94,1,W
20,94,2,W
22,94,0,W
22,94,1,W
22,94,3,W
24,94,0,W
24,94,2,W
24,94,3,W
26,94,1,W
26,94,2,W
26,94,3,W
28,94,0,W
28,94,1,W
28,94,2,W
28,94,3,W
0,96,0,
2,96,1,W
4,96,2,W
6,96,3,W
8,96,0,W
8,96,1,W
10,96,0,W
10,96,2,W
12,96,0,W
12,96,3,W
14,96,1,W
14,96,2,W
16,96,1,W
16,96,3,W
18,96,2,W
18,96,3,W
20,96,0,W
20,96,1,W
20,96,2,W
22,96,0,W
22,96,1,W
22,96,3,W
24,96,0,W
24,96,2,W
24,96,3,W
26,96,1,W
26,96,2,W
26,96,3,W
28,96,0,W
28,96,1,W
28,96,2,W
28,96,3,W
0,99,0,
2,99,1,W
4,99,2,W
6,99,3,W
8,99,0,W
8,99,1,W
10,99,0,W
10,99,2,W
12,99,0,W
12,99,3,W
14,99,1,W
14,99,2,W
16,99,1,W
16,99,3,W
18,99,2,W
18,99,3,W
20,99,0,W
20,99,1,W
20,99,2,W
22,99,0,W
22,99,1,W
22,99,3,W
24,99,0,W
24,99,2,W
24,99,3,W
26,99,1,W
26,99,2,W
26,99,3,W
28,99,0,W
28,99,1,W
28,99,2,W
28,99,3,W
0,100,0,
3,100,1,A
5,100,2,A
7,100,3,A
9,100,0,A
9,100,1,A
11,100,0,A
11,100,2,A
13,100,0,A
13,100,3,A
15,100,1,A
15,100,2,A
17,100,1,A
17,100,3,A
19,100,2,A
19,100,3,A
21,100,0,A
21,100,1,A
21,100,2,A
23,100,0,A
23,100,1,A
23,100,3,A
25,100,0,A
25,100,2,A
25,100,3,A
27,100,1,A
27,100,2,A
27,100,3,A
29,100,0,A
29,100,1,A
29,100,2,A
29,100,3,A
31,100,1,B
33,100,2,B
35,100,3,B
37,100,0,B
37,100,1,B
39,100,0,B
39,100,2,B
41,100,0,B
41,100,3,B
43,100,1,B
43,100,2,B
45,100,1,B
45,100,3,B
47,100,2,B
47,100,3,B
49,100,0,B
49,100,1,B
49,100,2,B
51,100,0,B
51,100,1,B
51,100,3,B
53,100,0,B
53,100,2,B
53,100,3,B
55,100,1,B
55,100,2,B
55,100,3,B
57,100,0,B
57,100,1,B
57,100,2,B
57,100,3,B
31,100,1,C
33,100,2,C
35,100,3,C
37,100,0,C
37,100,1,C
39,100,0,C
39,100,2,C
41,100,0,C
41,100,3,C
43,100,1,C
43,100,2,C
45,100,1,C
45,100,3,C
47,100,2,C
47,100,3,C
49,100,0,C
49,100,1,C
49,100,2,C
51,100,0,C
51,100,1,C
51,100,3,C
53,100,0,C
53,100,2,C
53,100,3,C
55,100,1,C
55,100,2,C
55,100,3,C
57,100,0,C
57,100,1,C
57,100,2,C
57,100,3,C
3,100,1,P
5,100,2,P
7,100,3,P
9,100,0,P
9,100,1,P
11,100,0,P
11,100,2,P
13,100,0,P
13,100,3,P
15,100,1,P
15,100,2,P
17,100,1,P
17,100,3,P
19,100,2,P
19,100,3,P
21,100,0,P
21,100,1,P
21,100,2,P
23,100,0,P
23,100,1,P
23,100,3,P
25,100,0,P
25,100,2,P
25,100,3,P
27,100,1,P
27,100,2,P
27,100,3,P
29,100,0,P
29,100,1,P
29,100,2,P
29,100,3,P
31,100,1,X
33,100,2,X
35,100,3,X
37,100,0,X
37,100,1,X
39,100,0,X
39,100,2,X
41,100,0,X
41,100,3,X
43,100,1,X
43,100,2,X
45,100,1,X
45,100,3,X
47,100,2,X
47,100,3,X
49,100,0,X
49,100,1,X
49,100,2,X
51,100,0,X
51,100,1,X
51,100,3,X
53,100,0,X
53,100,2,X
53,100,3,X
55,100,1,X
55,100,2,X
55,100,3,X
57,100,0,X
57,100,1,X
57,100,2,X
57,100,3,X
31,100,1,d
33,100,2,d
35,100,3,d
37,100,0,d
37,100,1,d
39,100,0,d
39,100,2,d
41,100,0,d
41,100,3,d
43,100,1,d
43,100,2,d
45,100,1,d
45,100,3,d
47,100,2,d
47,100,3,d
49,100,0,d
49,100,1,d
49,100,2,d
51,100,0,d
51,100,1,d
51,100,3,d
53,100,0,d
53,100,2,d
53,100,3,d
55,100,1,d
55,100,2,d
55,100,3,d
57,100,0,d
57,100,1,d
57,100,2,d
57,100,3,d
3,100,1,p
5,100,2,p
7,100,3,p
9,100,0,p
9,100,1,p
11,100,0,p
11,100,2,p
13,100,0,p
13,100,3,p
15,100,1,p
15,100,2,p
17,100,1,p
17,100,3,p
19,100,2,p
19,100,3,p
21,100,0,p
21,100,1,p
21,100,2,p
23,100,0,p
23,100,1,p
23,100,3,p
25,100,0,p
25,100,2,p
25,100,3,p
27,100,1,p
27,100,2,p
27,100,3,p
29,100,0,p
29,100,1,p
29,100,2,p
29,100,3,p
0,101,0,
30,101,1,S
32,101,2,S
34,101,3,S
36,101,0,S
36,101,1,S
38,101,0,S
38,101,2,S
40,101,0,S
40,101,3,S
42,101,1,S
42,101,2,S
44,101,1,S
44,101,3,S
46,101,2,S
46,101,3,S
48,101,0,S
48,101,1,S
48,101,2,S
50,101,0,S
50,101,1,S
50,101,3,S
52,101,0,S
52,101,2,S
52,101,3,S
54,101,1,S
54,101,2,S
54,101,3,S
56,101,0,S
56,101,1,S
56,101,2,S
56,101,3,S
2,101,1,W
4,101,2,W
6,101,3,W
8,101,0,W
8,101,1,W
10,101,0,W
10,101,2,W
12,101,0,W
12,101,3,W
14,101,1,W
14,101,2,W
16,101,1,W
16,101,3,W
18,101,2,W
18,101,3,W
20,101,0,W
20,101,1,W
20,101,2,W
22,101,0,W
22,101,1,W
22,101,3,W
24,101,0,W
24,101,2,W
24,101,3,W
26,101,1,W
26,101,2,W
26,101,3,W
28,101,0,W
28,101,1,W
28,101,2,W
28,101,3,W
0,104,0,
30,104,1,S
32,104,2,S
34,104,3,S
36,104,0,S
36,104,1,S
38,104,0,S
38,104,2,S
40,104,0,S
40,104,3,S
42,104,1,S
42,104,2,S
44,104,1,S
44,104,3,S
46,104,2,S
46,104,3,S
48,104,0,S
48,104,1,S
48,104,2,S
50,104,0,S
50,104,1,S
50,104,3,S
52,104,0,S
52,104,2,S
52,104,3,S
54,104,1,S
54,104,2,S
54,104,3,S
56,104,0,S
56,104,1,S
56,104,2,S
56,104,3,S
30,104,1,U
32,104,2,U
34,104,3,U
36,104,0,U
36,104,1,U
38,104,0,U
38,104,2,U
40,104,0,U
40,104,3,U
42,104,1,U
42,104,2,U
44,104,1,U
44,104,3,U
46,104,2,U
46,104,3,U
48,104,0,U
48,104,1,U
48,104,2,U
50,104,0,U
50,104,1,U
50,104,3,U
52,104,0,U
52,104,2,U
52,104,3,U
54,104,1,U
54,104,2,U
54,104,3,U
56,104,0,U
56,104,1,U
56,104,2,U
56,104,3,U
2,104,1,W
4,104,2,W
6,104,3,W
8,104,0,W
8,104,1,W
10,104,0,W
10,104,2,W
12,104,0,W
12,104,3,W
14,104,1,W
14,104,2,W
16,104,1,W
16,104,3,W
18,104,2,W
18,104,3,W
20,104,0,W
20,104,1,W
20,104,2,W
22,104,0,W
22,104,1,W
22,104,3,W
24,104,0,W
24,104,2,W
24,104,3,W
26,104,1,W
26,104,2,W
26,104,3,W
28,104,0,W
28,104,1,W
28,104,2,W
28,104,3,W
30,104,1,X
32,104,2,X
34,104,3,X
36,104,0,X
36,104,1,X
38,104,0,X
38,104,2,X
40,104,0,X
40,104,3,X
42,104,1,X
42,104,2,X
44,104,1,X
44,104,3,X
46,104,2,X
46,104,3,X
48,104,0,X
48,104,1,X
48,104,2,X
50,104,0,X
50,104,1,X
50,104,3,X
52,104,0,X
52,104,2,X
52,104,3,X
54,104,1,X
54,104,2,X
54,104,3,X
56,104,0,X
56,104,1,X
56,104,2,X
56,104,3,X
0,108,0,
30,108,1,S
32,108,2,S
34,108,3,S
36,108,0,S
36,108,1,S
38,108,0,S
38,108,2,S
40,108,0,S
40,108,3,S
42,108,1,S
42,108,2,S
44,108,1,S
44,108,3,S
46,108,2,S
46,108,3,S
48,108,0,S
48,108,1,S
48,108,2,S
50,108,0,S
50,108,1,S
50,108,3,S
52,108,0,S
52,108,2,S
52,108,3,S
54,108,1,S
54,108,2,S
54,108,3,S
56,108,0,S
56,108,1,S
56,108,2,S
56,108,3,S
30,108,1,U
32,108,2,U
34,108,3,U
36,108,0,U
36,108,1,U
38,108,0,U
38,108,2,U
40,108,0,U
40,108,3,U
42,108,1,U
42,108,2,U
44,108,1,U
44,108,3,U
46,108,2,U
46,108,3,U
48,108,0,U
48,108,1,U
48,108,2,U
50,108,0,U
50,108,1,U
50,108,3,U
52,108,0,U
52,108,2,U
52,108,3,U
54,108,1,U
54,108,2,U
54,108,3,U
56,108,0,U
56,108,1,U
56,108,2,U
56,108,3,U
2,108,1,W
4,108,2,W
6,108,3,W
8,108,0,W
8,108,1,W
10,108,0,W
10,108,2,W
12,108,0,W
12,108,3,W
14,108,1,W
14,108,2,W
16,108,1,W
16,108,3,W
18,108,2,W
18,108,3,W
20,108,0,W
20,108,1,W
20,108,2,W
22,108,0,W
22,108,1,W
22,108,3,W
24,108,0,W
24,108,2,W
24,108,3,W
26,108,1,W
26,108,2,W
26,108,3,W
28,108,0,W
28,108,1,W
28,108,2,W
28,108,3,W
30,108,1,X
32,108,2,X
34,108,3,X
36,108,0,X
36,108,1,X
38,108,0,X
38,108,2,X
40,108,0,X
40,108,3,X
42,108,1,X
42,108,2,X
44,108,1,X
44,108,3,X
46,108,2,X
46,108,3,X
48,108,0,X
48,108,1,X
48,108,2,X
50,108,0,X
50,108,1,X
50,108,3,X
52,108,0,X
52,108,2,X
52,108,3,X
54,108,1,X
54,108,2,X
54,108,3,X
56,108,0,X
56,108,1,X
56,108,2,X
56,108,3,X
0,109,0,
30,109,1,S
32,109,2,S
34,109,3,S
36,109,0,S
36,109,1,S
38,109,0,S
38,109,2,S
40,109,0,S
40,109,3,S
42,109,1,S
42,109,2,S
44,109,1,S
44,109,3,S
46,109,2,S
46,109,3,S
48,109,0,S
48,109,1,S
48,109,2,S
50,109,0,S
50,109,1,S
50,109,3,S
52,109,0,S
52,109,2,S
52,109,3,S
54,109,1,S
54,109,2,S
54,109,3,S
56,109,0,S
56,109,1,S
56,109,2,S
56,109,3,S
30,109,1,U
32,109,2,U
34,109,3,U
36,109,0,U
36,109,1,U
38,109,0,U
38,109,2,U
40,109,0,U
40,109,3,U
42,109,1,U
42,109,2,U
44,109,1,U
44,109,3,U
46,109,2,U
46,109,3,U
48,109,0,U
48,109,1,U
48,109,2,U
50,109,0,U
50,109,1,U
50,109,3,U
52,109,0,U
52,109,2,U
52,109,3,U
54,109,1,U
54,109,2,U
54,109,3,U
56,109,0,U
56,109,1,U
56,109,2,U
56,109,3,U
2,109,1,W
4,109,2,W
6,109,3,W
8,109,0,W
8,109,1,W
10,109,0,W
10,109,2,W
12,109,0,W
12,109,3,W
14,109,1,W
14,109,2,W
16,109,1,W
16,109,3,W
18,109,2,W
18,109,3,W
20,109,0,W
20,109,1,W
20,109,2,W
22,109,0,W
22,109,1,W
22,109,3,W
24,109,0,W
24,109,2,W
24,109,3,W
26,109,1,W
26,109,2,W
26,109,3,W
28,109,0,W
28,109,1,W
28,109,2,W
28,109,3,W
30,109,1,X
32,109,2,X
34,109,3,X
36,109,0,X
36,109,1,X
38,109,0,X
38,109,2,X
40,109,0,X
40,109,3,X
42,109,1,X
42,109,2,X
44,109,1,X
44,109,3,X
46,109,2,X
46,109,3,X
48,109,0,X
48,109,1,X
48,109,2,X
50,109,0,X
50,109,1,X
50,109,3,X
52,109,0,X
52,109,2,X
52,109,3,X
54,109,1,X
54,109,2,X
54,109,3,X
56,109,0,X
56,109,1,X
56,109,2,X
56,109,3,X
0,110,0,
30,110,1,S
32,110,2,S
34,110,3,S
36,110,0,S
36,110,1,S
38,110,0,S
38,110,2,S
40,110,0,S
40,110,3,S
42,110,1,S
42,110,2,S
44,110,1,S
44,110,3,S
46,110,2,S
46,110,3,S
48,110,0,S
48,110,1,S
48,110,2,S
50,110,0,S
50,110,1,S
50,110,3,S
52,110,0,S
52,110,2,S
52,110,3,S
54,110,1,S
54,110,2,S
54,110,3,S
56,110,0,S
56,110,1,S
56,110,2,S
56,110,3,S
2,110,1,W
4,110,2,W
6,110,3,W
8,110,0,W
8,110,1,W
10,110,0,W
10,110,2,W
12,110,0,W
12,110,3,W
14,110,1,W
14,110,2,W
16,110,1,W
16,110,3,W
18,110,2,W
18,110,3,W
20,110,0,W
20,110,1,W
20,110,2,W
22,110,0,W
22,110,1,W
22,110,3,W
24,110,0,W
24,110,2,W
24,110,3,W
26,110,1,W
26,110,2,W
26,110,3,W
28,110,0,W
28,110,1,W
28,110,2,W
28,110,3,W
0,112,0,
30,112,1,S
32,112,2,S
34,112,3,S
36,112,0,S
36,112,1,S
38,112,0,S
38,112,2,S
40,112,0,S
40,112,3,S
42,112,1,S
42,112,2,S
44,112,1,S
44,112,3,S
46,112,2,S
46,112,3,S
48,112,0,S
48,112,1,S
48,112,2,S
50,112,0,S
50,112,1,S
50,112,3,S
52,112,0,S
52,112,2,S
52,112,3,S
54,112,1,S
54,112,2,S
54,112,3,S
56,112,0,S
56,112,1,S
56,112,2,S
56,112,3,S
30,112,1,U
32,112,2,U
34,112,3,U
36,112,0,U
36,112,1,U
38,112,0,U
38,112,2,U
40,112,0,U
40,112,3,U
42,112,1,U
42,112,2,U
44,112,1,U
44,112,3,U
46,112,2,U
46,112,3,U
48,112,0,U
48,112,1,U
48,112,2,U
50,112,0,U
50,112,1,U
50,112,3,U
52,112,0,U
52,112,2,U
52,112,3,U
54,112,1,U
54,112,2,U
54,112,3,U
56,112,0,U
56,112,1,U
56,112,2,U
56,112,3,U
2,112,1,W
4,112,2,W
6,112,3,W
8,112,0,W
8,112,1,W
10,112,0,W
10,112,2,W
12,112,0,W
12,112,3,W
14,112,1,W
14,112,2,W
16,112,1,W
16,112,3,W
18,112,2,W
18,112,3,W
20,112,0,W
20,112,1,W
20,112,2,W
22,112,0,W
22,112,1,W
22,112,3,W
24,112,0,W
24,112,2,W
24,112,3,W
26,112,1,W
26,112,2,W
26,112,3,W
28,112,0,W
28,112,1,W
28,112,2,W
28,112,3,W
30,112,1,X
32,112,2,X
34,112,3,X
36,112,0,X
36,112,1,X
38,112,0,X
38,112,2,X
40,112,0,X
40,112,3,X
42,112,1,X
42,112,2,X
44,112,1,X
44,112,3,X
46,112,2,X
46,112,3,X
48,112,0,X
48,112,1,X
48,112,2,X
50,112,0,X
50,112,1,X
50,112,3,X
52,112,0,X
52,112,2,X
52,112,3,X
54,112,1,X
54,112,2,X
54,112,3,X
56,112,0,X
56,112,1,X
56,112,2,X
56,112,3,X
0,115,0,
30,115,1,S
32,115,2,S
34,115,3,S
36,115,0,S
36,115,1,S
38,115,0,S
38,115,2,S
40,115,0,S
40,115,3,S
42,115,1,S
42,115,2,S
44,115,1,S
44,115,3,S
46,115,2,S
46,115,3,S
48,115,0,S
48,115,1,S
48,115,2,S
50,115,0,S
50,115,1,S
50,115,3,S
52,115,0,S
52,115,2,S
52,115,3,S
54,115,1,S
54,115,2,S
54,115,3,S
56,115,0,S
56,115,1,S
56,115,2,S
56,115,3,S
30,115,1,U
32,115,2,U
34,115,3,U
36,115,0,U
36,115,1,U
38,115,0,U
38,115,2,U
40,115,0,U
40,115,3,U
42,115,1,U
42,115,2,U
44,115,1,U
44,115,3,U
46,115,2,U
46,115,3,U
48,115,0,U
48,115,1,U
48,115,2,U
50,115,0,U
50,115,1,U
50,115,3,U
52,115,0,U
52,115,2,U
52,115,3,U
54,115,1,U
54,115,2,U
54,115,3,U
56,115,0,U
56,115,1,U
56,115,2,U
56,115,3,U
2,115,1,W
4,115,2,W
6,115,3,W
8,115,0,W
8,115,1,W
10,115,0,W
10,115,2,W
12,115,0,W
12,115,3,W
14,115,1,W
14,115,2,W
16,115,1,W
16,115,3,W
18,115,2,W
18,115,3,W
20,115,0,W
20,115,1,W
20,115,2,W
22,115,0,W
22,115,1,W
22,115,3,W
24,115,0,W
24,115,2,W
24,115,3,W
26,115,1,W
26,115,2,W
26,115,3,W
28,115,0,W
28,115,1,W
28,115,2,W
28,115,3,W
30,115,1,X
32,115,2,X
34,115,3,X
36,115,0,X
36,115,1,X
38,115,0,X
38,115,2,X
40,115,0,X
40,115,3,X
42,115,1,X
42,115,2,X
44,115,1,X
44,115,3,X
46,115,2,X
46,115,3,X
48,115,0,X
48,115,1,X
48,115,2,X
50,115,0,X
50,115,1,X
50,115,3,X
52,115,0,X
52,115,2,X
52,115,3,X
54,115,1,X
54,115,2,X
54,115,3,X
56,115,0,X
56,115,1,X
56,115,2,X
56,115,3,X
0,117,0,
30,117,1,S
32,117,2,S
34,117,3,S
36,117,0,S
36,117,1,S
38,117,0,S
38,117,2,S
40,117,0,S
40,117,3,S
42,117,1,S
42,117,2,S
44,117,1,S
44,117,3,S
46,117,2,S
46,117,3,S
48,117,0,S
48,117,1,S
48,117,2,S
50,117,0,S
50,117,1,S
50,117,3,S
52,117,0,S
52,117,2,S
52,117,3,S
54,117,1,S
54,117,2,S
54,117,3,S
56,117,0,S
56,117,1,S
56,117,2,S
56,117,3,S
30,117,1,U
32,117,2,U
34,117,3,U
36,117,0,U
36,117,1,U
38,117,0,U
38,117,2,U
40,117,0,U
40,117,3,U
42,117,1,U
42,117,2,U
44,117,1,U
44,117,3,U
46,117,2,U
46,117,3,U
48,117,0,U
48,117,1,U
48,117,2,U
50,117,0,U
50,117,1,U
50,117,3,U
52,117,0,U
52,117,2,U
52,117,3,U
54,117,1,U
54,117,2,U
54,117,3,U
56,117,0,U
56,117,1,U
56,117,2,U
56,117,3,U
2,117,1,W
4,117,2,W
6,117,3,W
8,117,0,W
8,117,1,W
10,117,0,W
10,117,2,W
12,117,0,W
12,117,3,W
14,117,1,W
14,117,2,W
16,117,1,W
16,117,3,W
18,117,2,W
18,117,3,W
20,117,0,W
20,117,1,W
20,117,2,W
22,117,0,W
22,117,1,W
22,117,3,W
24,117,0,W
24,117,2,W
24,117,3,W
26,117,1,W
26,117,2,W
26,117,3,W
28,117,0,W
28,117,1,W
28,117,2,W
28,117,3,W
30,117,1,X
32,117,2,X
34,117,3,X
36,117,0,X
36,117,1,X
38,117,0,X
38,117,2,X
40,117,0,X
40,117,3,X
42,117,1,X
42,117,2,X
44,117,1,X
44,117,3,X
46,117,2,X
46,117,3,X
48,117,0,X
48,117,1,X
48,117,2,X
50,117,0,X
50,117,1,X
50,117,3,X
52,117,0,X
52,117,2,X
52,117,3,X
54,117,1,X
54,117,2,X
54,117,3,X
56,117,0,X
56,117,1,X
56,117,2,X
56,117,3,X
0,119,0,
30,119,1,S
32,119,2,S
34,119,3,S
36,119,0,S
36,119,1,S
38,119,0,S
38,119,2,S
40,119,0,S
40,119,3,S
42,119,1,S
42,119,2,S
44,119,1,S
44,119,3,S
46,119,2,S
46,119,3,S
48,119,0,S
48,119,1,S
48,119,2,S
50,119,0,S
50,119,1,S
50,119,3,S
52,119,0,S
52,119,2,S
52,119,3,S
54,119,1,S
54,119,2,S
54,119,3,S
56,119,0,S
56,119,1,S
56,119,2,S
56,119,3,S
30,119,1,U
32,119,2,U
34,119,3,U
36,119,0,U
36,119,1,U
38,119,0,U
38,119,2,U
40,119,0,U
40,119,3,U
42,119,1,U
42,119,2,U
44,119,1,U
44,119,3,U
46,119,2,U
46,119,3,U
48,119,0,U
48,119,1,U
48,119,2,U
50,119,0,U
50,119,1,U
50,119,3,U
52,119,0,U
52,119,2,U
52,119,3,U
54,119,1,U
54,119,2,U
54,119,3,U
56,119,0,U
56,119,1,U
56,119,2,U
56,119,3,U
2,119,1,W
4,119,2,W
6,119,3,W
8,119,0,W
8,119,1,W
10,119,0,W
10,119,2,W
12,119,0,W
12,119,3,W
14,119,1,W
14,119,2,W
16,119,1,W
16,119,3,W
18,119,2,W
18,119,3,W
20,119,0,W
20,119,1,W
20,119,2,W
22,119,0,W
22,119,1,W
22,119,3,W
24,119,0,W
24,119,2,W
24,119,3,W
26,119,1,W
26,119,2,W
26,119,3,W
28,119,0,W
28,119,1,W
28,119,2,W
28,119,3,W
30,119,1,X
32,119,2,X
34,119,3,X
36,119,0,X
36,119,1,X
38,119,0,X
38,119,2,X
40,119,0,X
40,119,3,X
42,119,1,X
42,119,2,X
44,119,1,X
44,119,3,X
46,119,2,X
46,119,3,X
48,119,0,X
48,119,1,X
48,119,2,X
50,119,0,X
50,119,1,X
50,119,3,X
52,119,0,X
52,119,2,X
52,119,3,X
54,119,1,X
54,119,2,X
54,119,3,X
56,119,0,X
56,119,1,X
56,119,2,X
56,119,3,X
0,128,0,
2,128,1,W
4,128,2,W
6,128,3,W
8,128,0,W
8,128,1,W
10,128,0,W
10,128,2,W
12,128,0,W
12,128,3,W
14,128,1,W
14,128,2,W
16,128,1,W
16,128,3,W
18,128,2,W
18,128,3,W
20,128,0,W
20,128,1,W
20,128,2,W
22,128,0,W
22,128,1,W
22,128,3,W
24,128,0,W
24,128,2,W
24,128,3,W
26,128,1,W
26,128,2,W
26,128,3,W
28,128,0,W
28,128,1,W
28,128,2,W
28,128,3,W
0,133,0,
30,133,1,S
32,133,2,S
34,133,3,S
36,133,0,S
36,133,1,S
38,133,0,S
38,133,2,S
40,133,0,S
40,133,3,S
42,133,1,S
42,133,2,S
44,133,1,S
44,133,3,S
46,133,2,S
46,133,3,S
48,133,0,S
48,133,1,S
48,133,2,S
50,133,0,S
50,133,1,S
50,133,3,S
52,133,0,S
52,133,2,S
52,133,3,S
54,133,1,S
54,133,2,S
54,133,3,S
56,133,0,S
56,133,1,S
56,133,2,S
56,133,3,S
30,133,1,U
32,133,2,U
34,133,3,U
36,133,0,U
36,133,1,U
38,133,0,U
38,133,2,U
40,133,0,U
40,133,3,U
42,133,1,U
42,133,2,U
44,133,1,U
44,133,3,U
46,133,2,U
46,133,3,U
48,133,0,U
48,133,1,U
48,133,2,U
50,133,0,U
50,133,1,U
50,133,3,U
52,133,0,U
52,133,2,U
52,133,3,U
54,133,1,U
54,133,2,U
54,133,3,U
56,133,0,U
56,133,1,U
56,133,2,U
56,133,3,U
2,133,1,W
4,133,2,W
6,133,3,W
8,133,0,W
8,133,1,W
10,133,0,W
10,133,2,W
12,133,0,W
12,133,3,W
14,133,1,W
14,133,2,W
16,133,1,W
16,133,3,W
18,133,2,W
18,133,3,W
20,133,0,W
20,133,1,W
20,133,2,W
22,133,0,W
22,133,1,W
22,133,3,W
24,133,0,W
24,133,2,W
24,133,3,W
26,133,1,W
26,133,2,W
26,133,3,W
28,133,0,W
28,133,1,W
28,133,2,W
28,133,3,W
30,133,1,X
32,133,2,X
34,133,3,X
36,133,0,X
36,133,1,X
38,133,0,X
38,133,2,X
40,133,0,X
40,133,3,X
42,133,1,X
42,133,2,X
44,133,1,X
44,133,3,X
46,133,2,X
46,133,3,X
48,133,0,X
48,133,1,X
48,133,2,X
50,133,0,X
50,133,1,X
50,133,3,X
52,133,0,X
52,133,2,X
52,133,3,X
54,133,1,X
54,133,2,X
54,133,3,X
56,133,0,X
56,133,1,X
56,133,2,X
56,133,3,X
0,135,0,
30,135,1,S
32,135,2,S
34,135,3,S
36,135,0,S
36,135,1,S
38,135,0,S
38,135,2,S
40,135,0,S
40,135,3,S
42,135,1,S
42,135,2,S
44,135,1,S
44,135,3,S
46,135,2,S
46,135,3,S
48,135,0,S
48,135,1,S
48,135,2,S
50,135,0,S
50,135,1,S
50,135,3,S
52,135,0,S
52,135,2,S
52,135,3,S
54,135,1,S
54,135,2,S
54,135,3,S
56,135,0,S
56,135,1,S
56,135,2,S
56,135,3,S
30,135,1,U
32,135,2,U
34,135,3,U
36,135,0,U
36,135,1,U
38,135,0,U
38,135,2,U
40,135,0,U
40,135,3,U
42,135,1,U
42,135,2,U
44,135,1,U
44,135,3,U
46,135,2,U
46,135,3,U
48,135,0,U
48,135,1,U
48,135,2,U
50,135,0,U
50,135,1,U
50,135,3,U
52,135,0,U
52,135,2,U
52,135,3,U
54,135,1,U
54,135,2,U
54,135,3,U
56,135,0,U
56,135,1,U
56,135,2,U
56,135,3,U
2,135,1,W
4,135,2,W
6,135,3,W
8,135,0,W
8,135,1,W
10,135,0,W
10,135,2,W
12,135,0,W
12,135,3,W
14,135,1,W
14,135,2,W
16,135,1,W
16,135,3,W
18,135,2,W
18,135,3,W
20,135,0,W
20,135,1,W
20,135,2,W
22,135,0,W
22,135,1,W
22,135,3,W
24,135,0,W
24,135,2,W
24,135,3,W
26,135,1,W
26,135,2,W
26,135,3,W
28,135,0,W
28,135,1,W
28,135,2,W
28,135,3,W
30,135,1,X
32,135,2,X
34,135,3,X
36,135,0,X
36,135,1,X
38,135,0,X
38,135,2,X
40,135,0,X
40,135,3,X
42,135,1,X
42,135,2,X
44,135,1,X
44,135,3,X
46,135,2,X
46,135,3,X
48,135,0,X
48,135,1,X
48,135,2,X
50,135,0,X
50,135,1,X
50,135,3,X
52,135,0,X
52,135,2,X
52,135,3,X
54,135,1,X
54,135,2,X
54,135,3,X
56,135,0,X
56,135,1,X
56,135,2,X
56,135,3,X
0,144,0,
30,144,1,S
32,144,2,S
34,144,3,S
36,144,0,S
36,144,1,S
38,144,0,S
38,144,2,S
40,144,0,S
40,144,3,S
42,144,1,S
42,144,2,S
44,144,1,S
44,144,3,S
46,144,2,S
46,144,3,S
48,144,0,S
48,144,1,S
48,144,2,S
50,144,0,S
50,144,1,S
50,144,3,S
52,144,0,S
52,144,2,S
52,144,3,S
54,144,1,S
54,144,2,S
54,144,3,S
56,144,0,S
56,144,1,S
56,144,2,S
56,144,3,S
30,144,1,U
32,144,2,U
34,144,3,U
36,144,0,U
36,144,1,U
38,144,0,U
38,144,2,U
40,144,0,U
40,144,3,U
42,144,1,U
42,144,2,U
44,144,1,U
44,144,3,U
46,144,2,U
46,144,3,U
48,144,0,U
48,144,1,U
48,144,2,U
50,144,0,U
50,144,1,U
50,144,3,U
52,144,0,U
52,144,2,U
52,144,3,U
54,144,1,U
54,144,2,U
54,144,3,U
56,144,0,U
56,144,1,U
56,144,2,U
56,144,3,U
2,144,1,W
4,144,2,W
6,144,3,W
8,144,0,W
8,144,1,W
10,144,0,W
10,144,2,W
12,144,0,W
12,144,3,W
14,144,1,W
14,144,2,W
16,144,1,W
16,144,3,W
18,144,2,W
18,144,3,W
20,144,0,W
20,144,1,W
20,144,2,W
22,144,0,W
22,144,1,W
22,144,3,W
24,144,0,W
24,144,2,W
24,144,3,W
26,144,1,W
26,144,2,W
26,144,3,W
28,144,0,W
28,144,1,W
28,144,2,W
28,144,3,W
30,144,1,X
32,144,2,X
34,144,3,X
36,144,0,X
36,144,1,X
38,144,0,X
38,144,2,X
40,144,0,X
40,144,3,X
42,144,1,X
42,144,2,X
44,144,1,X
44,144,3,X
46,144,2,X
46,144,3,X
48,144,0,X
48,144,1,X
48,144,2,X
50,144,0,X
50,144,1,X
50,144,3,X
52,144,0,X
52,144,2,X
52,144,3,X
54,144,1,X
54,144,2,X
54,144,3,X
56,144,0,X
56,144,1,X
56,144,2,X
56,144,3,X
0,152,0,
2,152,1,W
4,152,2,W
6,152,3,W
8,152,0,W
8,152,1,W
10,152,0,W
10,152,2,W
12,152,0,W
12,152,3,W
14,152,1,W
14,152,2,W
16,152,1,W
16,152,3,W
18,152,2,W
18,152,3,W
20,152,0,W
20,152,1,W
20,152,2,W
22,152,0,W
22,152,1,W
22,152,3,W
24,152,0,W
24,152,2,W
24,152,3,W
26,152,1,W
26,152,2,W
26,152,3,W
28,152,0,W
28,152,1,W
28,152,2,W
28,152,3,W
0,153,0,
2,153,1,W
4,153,2,W
6,153,3,W
8,153,0,W
8,153,1,W
10,153,0,W
10,153,2,W
12,153,0,W
12,153,3,W
14,153,1,W
14,153,2,W
16,153,1,W
16,153,3,W
18,153,2,W
18,153,3,W
20,153,0,W
20,153,1,W
20,153,2,W
22,153,0,W
22,153,1,W
22,153,3,W
24,153,0,W
24,153,2,W
24,153,3,W
26,153,1,W
26,153,2,W
26,153,3,W
28,153,0,W
28,153,1,W
28,153,2,W
28,153,3,W
0,154,0,
2,154,1,W
4,154,2,W
6,154,3,W
8,154,0,W
8,154,1,W
10,154,0,W
10,154,2,W
12,154,0,W
12,154,3,W
14,154,1,W
14,154,2,W
16,154,1,W
16,154,3,W
18,154,2,W
18,154,3,W
20,154,0,W
20,154,1,W
20,154,2,W
22,154,0,W
22,154,1,W
22,154,3,W
24,154,0,W
24,154,2,W
24,154,3,W
26,154,1,W
26,154,2,W
26,154,3,W
28,154,0,W
28,154,1,W
28,154,2,W
28,154,3,W
0,155,0,
30,155,1,S
32,155,2,S
34,155,3,S
36,155,0,S
36,155,1,S
38,155,0,S
38,155,2,S
40,155,0,S
40,155,3,S
42,155,1,S
42,155,2,S
44,155,1,S
44,155,3,S
46,155,2,S
46,155,3,S
48,155,0,S
48,155,1,S
48,155,2,S
50,155,0,S
50,155,1,S
50,155,3,S
52,155,0,S
52,155,2,S
52,155,3,S
54,155,1,S
54,155,2,S
54,155,3,S
56,155,0,S
56,155,1,S
56,155,2,S
56,155,3,S
30,155,1,U
32,155,2,U
34,155,3,U
36,155,0,U
36,155,1,U
38,155,0,U
38,155,2,U
40,155,0,U
40,155,3,U
42,155,1,U
42,155,2,U
44,155,1,U
44,155,3,U
46,155,2,U
46,155,3,U
48,155,0,U
48,155,1,U
48,155,2,U
50,155,0,U
50,155,1,U
50,155,3,U
52,155,0,U
52,155,2,U
52,155,3,U
54,155,1,U
54,155,2,U
54,155,3,U
56,155,0,U
56,155,1,U
56,155,2,U
56,155,3,U
2,155,1,W
4,155,2,W
6,155,3,W
8,155,0,W
8,155,1,W
10,155,0,W
10,155,2,W
12,155,0,W
12,155,3,W
14,155,1,W
14,155,2,W
16,155,1,W
16,155,3,W
18,155,2,W
18,155,3,W
20,155,0,W
20,155,1,W
20,155,2,W
22,155,0,W
22,155,1,W
22,155,3,W
24,155,0,W
24,155,2,W
24,155,3,W
26,155,1,W
26,155,2,W
26,155,3,W
28,155,0,W
28,155,1,W
28,155,2,W
28,155,3,W
30,155,1,X
32,155,2,X
34,155,3,X
36,155,0,X
36,155,1,X
38,155,0,X
38,155,2,X
40,155,0,X
40,155,3,X
42,155,1,X
42,155,2,X
44,155,1,X
44,155,3,X
46,155,2,X
46,155,3,X
48,155,0,X
48,155,1,X
48,155,2,X
50,155,0,X
50,155,1,X
50,155,3,X
52,155,0,X
52,155,2,X
52,155,3,X
54,155,1,X
54,155,2,X
54,155,3,X
56,155,0,X
56,155,1,X
56,155,2,X
56,155,3,X
0,156,0,
30,156,1,S
32,156,2,S
34,156,3,S
36,156,0,S
36,156,1,S
38,156,0,S
38,156,2,S
40,156,0,S
40,156,3,S
42,156,1,S
42,156,2,S
44,156,1,S
44,156,3,S
46,156,2,S
46,156,3,S
48,156,0,S
48,156,1,S
48,156,2,S
50,156,0,S
50,156,1,S
50,156,3,S
52,156,0,S
52,156,2,S
52,156,3,S
54,156,1,S
54,156,2,S
54,156,3,S
56,156,0,S
56,156,1,S
56,156,2,S
56,156,3,S
30,156,1,U
32,156,2,U
34,156,3,U
36,156,0,U
36,156,1,U
38,156,0,U
38,156,2,U
40,156,0,U
40,156,3,U
42,156,1,U
42,156,2,U
44,156,1,U
44,156,3,U
46,156,2,U
46,156,3,U
48,156,0,U
48,156,1,U
48,156,2,U
50,156,0,U
50,156,1,U
50,156,3,U
52,156,0,U
52,156,2,U
52,156,3,U
54,156,1,U
54,156,2,U
54,156,3,U
56,156,0,U
56,156,1,U
56,156,2,U
56,156,3,U
2,156,1,W
4,156,2,W
6,156,3,W
8,156,0,W
8,156,1,W
10,156,0,W
10,156,2,W
12,156,0,W
12,156,3,W
14,156,1,W
14,156,2,W
16,156,1,W
16,156,3,W
18,156,2,W
18,156,3,W
20,156,0,W
20,156,1,W
20,156,2,W
22,156,0,W
22,156,1,W
22,156,3,W
24,156,0,W
24,156,2,W
24,156,3,W
26,156,1,W
26,156,2,W
26,156,3,W
28,156,0,W
28,156,1,W
28,156,2,W
28,156,3,W
30,156,1,X
32,156,2,X
34,156,3,X
36,156,0,X
36,156,1,X
38,156,0,X
38,156,2,X
40,156,0,X
40,156,3,X
42,156,1,X
42,156,2,X
44,156,1,X
44,156,3,X
46,156,2,X
46,156,3,X
48,156,0,X
48,156,1,X
48,156,2,X
50,156,0,X
50,156,1,X
50,156,3,X
52,156,0,X
52,156,2,X
52,156,3,X
54,156,1,X
54,156,2,X
54,156,3,X
56,156,0,X
56,156,1,X
56,156,2,X
56,156,3,X
0,157,0,
30,157,1,S
32,157,2,S
34,157,3,S
36,157,0,S
36,157,1,S
38,157,0,S
38,157,2,S
40,157,0,S
40,157,3,S
42,157,1,S
42,157,2,S
44,157,1,S
44,157,3,S
46,157,2,S
46,157,3,S
48,157,0,S
48,157,1,S
48,157,2,S
50,157,0,S
50,157,1,S
50,157,3,S
52,157,0,S
52,157,2,S
52,157,3,S
54,157,1,S
54,157,2,S
54,157,3,S
56,157,0,S
56,157,1,S
56,157,2,S
56,157,3,S
2,157,1,W
4,157,2,W
6,157,3,W
8,157,0,W
8,157,1,W
10,157,0,W
10,157,2,W
12,157,0,W
12,157,3,W
14,157,1,W
14,157,2,W
16,157,1,W
16,157,3,W
18,157,2,W
18,157,3,W
20,157,0,W
20,157,1,W
20,157,2,W
22,157,0,W
22,157,1,W
22,157,3,W
24,157,0,W
24,157,2,W
24,157,3,W
26,157,1,W
26,157,2,W
26,157,3,W
28,157,0,W
28,157,1,W
28,157,2,W
28,157,3,W
0,179,0,
30,179,1,S
32,179,2,S
34,179,3,S
36,179,0,S
36,179,1,S
38,179,0,S
38,179,2,S
40,179,0,S
40,179,3,S
42,179,1,S
42,179,2,S
44,179,1,S
44,179,3,S
46,179,2,S
46,179,3,S
48,179,0,S
48,179,1,S
48,179,2,S
50,179,0,S
50,179,1,S
50,179,3,S
52,179,0,S
52,179,2,S
52,179,3,S
54,179,1,S
54,179,2,S
54,179,3,S
56,179,0,S
56,179,1,S
56,179,2,S
56,179,3,S
30,179,1,U
32,179,2,U
34,179,3,U
36,179,0,U
36,179,1,U
38,179,0,U
38,179,2,U
40,179,0,U
40,179,3,U
42,179,1,U
42,179,2,U
44,179,1,U
44,179,3,U
46,179,2,U
46,179,3,U
48,179,0,U
48,179,1,U
48,179,2,U
50,179,0,U
50,179,1,U
50,179,3,U
52,179,0,U
52,179,2,U
52,179,3,U
54,179,1,U
54,179,2,U
54,179,3,U
56,179,0,U
56,179,1,U
56,179,2,U
56,179,3,U
2,179,1,W
4,179,2,W
6,179,3,W
8,179,0,W
8,179,1,W
10,179,0,W
10,179,2,W
12,179,0,W
12,179,3,W
14,179,1,W
14,179,2,W
16,179,1,W
16,179,3,W
18,179,2,W
18,179,3,W
20,179,0,W
20,179,1,W
20,179,2,W
22,179,0,W
22,179,1,W
22,179,3,W
24,179,0,W
24,179,2,W
24,179,3,W
26,179,1,W
26,179,2,W
26,179,3,W
28,179,0,W
28,179,1,W
28,179,2,W
28,179,3,W
30,179,1,X
32,179,2,X
34,179,3,X
36,179,0,X
36,179,1,X
38,179,0,X
38,179,2,X
40,179,0,X
40,179,3,X
42,179,1,X
42,179,2,X
44,179,1,X
44,179,3,X
46,179,2,X
46,179,3,X
48,179,0,X
48,179,1,X
48,179,2,X
50,179,0,X
50,179,1,X
50,179,3,X
52,179,0,X
52,179,2,X
52,179,3,X
54,179,1,X
54,179,2,X
54,179,3,X
56,179,0,X
56,179,1,X
56,179,2,X
56,179,3,X
0,180,0,
30,180,1,S
32,180,2,S
34,180,3,S
36,180,0,S
36,180,1,S
38,180,0,S
38,180,2,S
40,180,0,S
40,180,3,S
42,180,1,S
42,180,2,S
44,180,1,S
44,180,3,S
46,180,2,S
46,180,3,S
48,180,0,S
48,180,1,S
48,180,2,S
50,180,0,S
50,180,1,S
50,180,3,S
52,180,0,S
52,180,2,S
52,180,3,S
54,180,1,S
54,180,2,S
54,180,3,S
56,180,0,S
56,180,1,S
56,180,2,S
56,180,3,S
30,180,1,U
32,180,2,U
34,180,3,U
36,180,0,U
36,180,1,U
38,180,0,U
38,180,2,U
40,180,0,U
40,180,3,U
42,180,1,U
42,180,2,U
44,180,1,U
44,180,3,U
46,180,2,U
46,180,3,U
48,180,0,U
48,180,1,U
48,180,2,U
50,180,0,U
50,180,1,U
50,180,3,U
52,180,0,U
52,180,2,U
52,180,3,U
54,180,1,U
54,180,2,U
54,180,3,U
56,180,0,U
56,180,1,U
56,180,2,U
56,180,3,U
2,180,1,W
4,180,2,W
6,180,3,W
8,180,0,W
8,180,1,W
10,180,0,W
10,180,2,W
12,180,0,W
12,180,3,W
14,180,1,W
14,180,2,W
16,180,1,W
16,180,3,W
18,180,2,W
18,180,3,W
20,180,0,W
20,180,1,W
20,180,2,W
22,180,0,W
22,180,1,W
22,180,3,W
24,180,0,W
24,180,2,W
24,180,3,W
26,180,1,W
26,180,2,W
26,180,3,W
28,180,0,W
28,180,1,W
28,180,2,W
28,180,3,W
30,180,1,X
32,180,2,X
34,180,3,X
36,180,0,X
36,180,1,X
38,180,0,X
38,180,2,X
40,180,0,X
40,180,3,X
42,180,1,X
42,180,2,X
44,180,1,X
44,180,3,X
46,180,2,X
46,180,3,X
48,180,0,X
48,180,1,X
48,180,2,X
50,180,0,X
50,180,1,X
50,180,3,X
52,180,0,X
52,180,2,X
52,180,3,X
54,180,1,X
54,180,2,X
54,180,3,X
56,180,0,X
56,180,1,X
56,180,2,X
56,180,3,X
0,187,0,
2,187,1,W
4,187,2,W
6,187,3,W
8,187,0,W
8,187,1,W
10,187,0,W
10,187,2,W
12,187,0,W
12,187,3,W
14,187,1,W
14,187,2,W
16,187,1,W
16,187,3,W
18,187,2,W
18,187,3,W
20,187,0,W
20,187,1,W
20,187,2,W
22,187,0,W
22,187,1,W
22,187,3,W
24,187,0,W
24,187,2,W
24,187,3,W
26,187,1,W
26,187,2,W
26,187,3,W
28,187,0,W
28,187,1,W
28,187,2,W
28,187,3,W
0,190,0,
3,190,1,A
5,190,2,A
7,190,3,A
9,190,0,A
9,190,1,A
11,190,0,A
11,190,2,A
13,190,0,A
13,190,3,A
15,190,1,A
15,190,2,A
17,190,1,A
17,190,3,A
19,190,2,A
19,190,3,A
21,190,0,A
21,190,1,A
21,190,2,A
23,190,0,A
23,190,1,A
23,190,3,A
25,190,0,A
25,190,2,A
25,190,3,A
27,190,1,A
27,190,2,A
27,190,3,A
29,190,0,A
29,190,1,A
29,190,2,A
29,190,3,A
31,190,1,B
33,190,2,B
35,190,3,B
37,190,0,B
37,190,1,B
39,190,0,B
39,190,2,B
41,190,0,B
41,190,3,B
43,190,1,B
43,190,2,B
45,190,1,B
45,190,3,B
47,190,2,B
47,190,3,B
49,190,0,B
49,190,1,B
49,190,2,B
51,190,0,B
51,190,1,B
51,190,3,B
53,190,0,B
53,190,2,B
53,190,3,B
55,190,1,B
55,190,2,B
55,190,3,B
57,190,0,B
57,190,1,B
57,190,2,B
57,190,3,B
31,190,1,C
33,190,2,C
35,190,3,C
37,190,0,C
37,190,1,C
39,190,0,C
39,190,2,C
41,190,0,C
41,190,3,C
43,190,1,C
43,190,2,C
45,190,1,C
45,190,3,C
47,190,2,C
47,190,3,C
49,190,0,C
49,190,1,C
49,190,2,C
51,190,0,C
51,190,1,C
51,190,3,C
53,190,0,C
53,190,2,C
53,190,3,C
55,190,1,C
55,190,2,C
55,190,3,C
57,190,0,C
57,190,1,C
57,190,2,C
57,190,3,C
3,190,1,P
5,190,2,P
7,190,3,P
9,190,0,P
9,190,1,P
11,190,0,P
11,190,2,P
13,190,0,P
13,190,3,P
15,190,1,P
15,190,2,P
17,190,1,P
17,190,3,P
19,190,2,P
19,190,3,P
21,190,0,P
21,190,1,P
21,190,2,P
23,190,0,P
23,190,1,P
23,190,3,P
25,190,0,P
25,190,2,P
25,190,3,P
27,190,1,P
27,190,2,P
27,190,3,P
29,190,0,P
29,190,1,P
29,190,2,P
29,190,3,P
31,190,1,X
33,190,2,X
35,190,3,X
37,190,0,X
37,190,1,X
39,190,0,X
39,190,2,X
41,190,0,X
41,190,3,X
43,190,1,X
43,190,2,X
45,190,1,X
45,190,3,X
47,190,2,X
47,190,3,X
49,190,0,X
49,190,1,X
49,190,2,X
51,190,0,X
51,190,1,X
51,190,3,X
53,190,0,X
53,190,2,X
53,190,3,X
55,190,1,X
55,190,2,X
55,190,3,X
57,190,0,X
57,190,1,X
57,190,2,X
57,190,3,X
3,190,1,p
5,190,2,p
7,190,3,p
9,190,0,p
9,190,1,p
11,190,0,p
11,190,2,p
13,190,0,p
13,190,3,p
15,190,1,p
15,190,2,p
17,190,1,p
17,190,3,p
19,190,2,p
19,190,3,p
21,190,0,p
21,190,1,p
21,190,2,p
23,190,0,p
23,190,1,p
23,190,3,p
25,190,0,p
25,190,2,p
25,190,3,p
27,190,1,p
27,190,2,p
27,190,3,p
29,190,0,p
29,190,1,p
29,190,2,p
29,190,3,p
0,193,0,
2,193,1,F
4,193,2,F
6,193,3,F
8,193,0,F
8,193,1,F
10,193,0,F
10,193,2,F
12,193,0,F
12,193,3,F
14,193,1,F
14,193,2,F
16,193,1,F
16,193,3,F
18,193,2,F
18,193,3,F
20,193,0,F
20,193,1,F
20,193,2,F
22,193,0,F
22,193,1,F
22,193,3,F
24,193,0,F
24,193,2,F
24,193,3,F
26,193,1,F
26,193,2,F
26,193,3,F
28,193,0,F
28,193,1,F
28,193,2,F
28,193,3,F
30,193,1,S
32,193,2,S
34,193,3,S
36,193,0,S
36,193,1,S
38,193,0,S
38,193,2,S
40,193,0,S
40,193,3,S
42,193,1,S
42,193,2,S
44,193,1,S
44,193,3,S
46,193,2,S
46,193,3,S
48,193,0,S
48,193,1,S
48,193,2,S
50,193,0,S
50,193,1,S
50,193,3,S
52,193,0,S
52,193,2,S
52,193,3,S
54,193,1,S
54,193,2,S
54,193,3,S
56,193,0,S
56,193,1,S
56,193,2,S
56,193,3,S
30,193,1,U
32,193,2,U
34,193,3,U
36,193,0,U
36,193,1,U
38,193,0,U
38,193,2,U
40,193,0,U
40,193,3,U
42,193,1,U
42,193,2,U
44,193,1,U
44,193,3,U
46,193,2,U
46,193,3,U
48,193,0,U
48,193,1,U
48,193,2,U
50,193,0,U
50,193,1,U
50,193,3,U
52,193,0,U
52,193,2,U
52,193,3,U
54,193,1,U
54,193,2,U
54,193,3,U
56,193,0,U
56,193,1,U
56,193,2,U
56,193,3,U
2,193,1,W
4,193,2,W
6,193,3,W
8,193,0,W
8,193,1,W
10,193,0,W
10,193,2,W
12,193,0,W
12,193,3,W
14,193,1,W
14,193,2,W
16,193,1,W
16,193,3,W
18,193,2,W
18,193,3,W
20,193,0,W
20,193,1,W
20,193,2,W
22,193,0,W
22,193,1,W
22,193,3,W
24,193,0,W
24,193,2,W
24,193,3,W
26,193,1,W
26,193,2,W
26,193,3,W
28,193,0,W
28,193,1,W
28,193,2,W
28,193,3,W
30,193,1,X
32,193,2,X
34,193,3,X
36,193,0,X
36,193,1,X
38,193,0,X
38,193,2,X
40,193,0,X
40,193,3,X
42,193,1,X
42,193,2,X
44,193,1,X
44,193,3,X
46,193,2,X
46,193,3,X
48,193,0,X
48,193,1,X
48,193,2,X
50,193,0,X
50,193,1,X
50,193,3,X
52,193,0,X
52,193,2,X
52,193,3,X
54,193,1,X
54,193,2,X
54,193,3,X
56,193,0,X
56,193,1,X
56,193,2,X
56,193,3,X
2,193,1,f
4,193,2,f
6,193,3,f
8,193,0,f
8,193,1,f
10,193,0,f
10,193,2,f
12,193,0,f
12,193,3,f
14,193,1,f
14,193,2,f
16,193,1,f
16,193,3,f
18,193,2,f
18,193,3,f
20,193,0,f
20,193,1,f
20,193,2,f
22,193,0,f
22,193,1,f
22,193,3,f
24,193,0,f
24,193,2,f
24,193,3,f
26,193,1,f
26,193,2,f
26,193,3,f
28,193,0,f
28,193,1,f
28,193,2,f
28,193,3,f
1,208,1,
