shape_id,shape_pt_lat,shape_pt_lon,shape_pt_sequence
1,40.798322,-124.146568,1
1,40.798069,-124.145322,2
1,40.797513,-124.142676,3
1,40.796487,-124.139539,4
1,40.795678,-124.137252,5
1,40.795186,-124.136431,6
1,40.795057,-124.128497,7
1,40.792181,-124.128399,8
1,40.792007,-124.134224,9
1,40.787622,-124.132555,10
1,40.784324,-124.130146,11
1,40.782568,-124.128058,12
1,40.782365,-124.127169,13
1,40.783385,-124.125495,14
1,40.780792,-124.125520,15
1,40.780550,-124.126043,16
1,40.780533,-124.131232,17
1,40.780562,-124.138130,18
1,40.780551,-124.143465,19
1,40.780501,-124.149137,20
1,40.780504,-124.152497,21
1,40.780485,-124.159103,22
1,40.779377,-124.159063,23
1,40.779312,-124.163450,24
1,40.782634,-124.163206,25
1,40.782750,-124.176835,26
1,40.782981,-124.178044,27
1,40.782951,-124.179044,28
1,40.782653,-124.179579,29
1,40.782023,-124.180491,30
1,40.781842,-124.181926,31
1,40.782148,-124.182856,32
1,40.782895,-124.183248,33
1,40.783021,-124.183693,34
1,40.782033,-124.184395,35
1,40.783023,-124.186643,36
1,40.783030,-124.187095,37
1,40.781692,-124.187417,38
1,40.781164,-124.188004,39
1,40.780683,-124.188263,40
1,40.780248,-124.188742,41
1,40.779130,-124.187326,42
1,40.779167,-124.186663,43
1,40.780505,-124.184589,44
1,40.780446,-124.178900,45
1,40.780364,-124.171506,46
1,40.780333,-124.165257,47
1,40.780328,-124.163402,48
1,40.780318,-124.163395,49
1,40.780346,-124.149183,50
1,40.780356,-124.139710,51
1,40.781953,-124.139621,52
1,40.781922,-124.142181,53
1,40.783548,-124.142004,54
1,40.783498,-124.141536,55
1,40.783691,-124.141387,56
1,40.784617,-124.141438,57
1,40.784605,-124.139648,58
1,40.789489,-124.139558,59
1,40.796257,-124.139523,60
1,40.796690,-124.139449,61
1,40.797341,-124.141144,62
1,40.797810,-124.142997,63
1,40.798432,-124.146069,64
1,40.798723,-124.146697,65
1,40.799586,-124.147988,66
1,40.800745,-124.147641,67
1,40.801595,-124.147134,68
1,40.802034,-124.146555,69
1,40.802285,-124.145375,70
1,40.802501,-124.146186,71
1,40.801964,-124.146990,72
1,40.801259,-124.147595,73
1,40.799553,-124.148172,74
1,40.799268,-124.147872,75
1,40.798235,-124.146409,76
2,40.802781,-124.152576,1
2,40.798402,-124.146483,2
2,40.797918,-124.144222,3
2,40.797630,-124.142745,4
2,40.796622,-124.139735,5
2,40.785981,-124.139779,6
2,40.786120,-124.164037,7
2,40.786130,-124.164650,8
2,40.780517,-124.164697,9
2,40.780378,-124.160081,10
2,40.791259,-124.160006,11
2,40.796389,-124.161196,12
2,40.804770,-124.163330,13
2,40.804657,-124.164498,14
2,40.801887,-124.163679,15
2,40.794751,-124.161902,16
2,40.791271,-124.161087,17
2,40.779504,-124.161325,18
2,40.779503,-124.163578,19
2,40.780413,-124.163478,20
2,40.780421,-124.149084,21
2,40.790283,-124.149006,22
2,40.790742,-124.148399,23
2,40.791427,-124.147992,24
2,40.793093,-124.148034,25
2,40.799562,-124.148177,26
2,40.800251,-124.149186,27
2,40.801553,-124.151049,28
2,40.802323,-124.152018,29
2,40.802933,-124.152930,30
2,40.801742,-124.160053,31
2,40.801398,-124.162429,32
2,40.804007,-124.163057,33
2,40.804659,-124.158399,34
2,40.804811,-124.156980,35
2,40.805542,-124.156830,36
2,40.805554,-124.146130,37
2,40.806283,-124.146131,38
2,40.806280,-124.149482,39
2,40.802592,-124.149282,40
2,40.801785,-124.148524,41
2,40.801056,-124.148020,42
2,40.801056,-124.147969,43
2,40.800405,-124.148022,44
2,40.800137,-124.148124,45
2,40.799792,-124.148125,46
2,40.801402,-124.147462,47
2,40.801478,-124.147563,48
2,40.802362,-124.146242,49
2,40.802284,-124.145635,50
2,40.802093,-124.146596,51
3,40.804598,-124.164665,1
3,40.801300,-124.163749,2
3,40.800096,-124.172714,3
3,40.799058,-124.173858,4
3,40.790696,-124.174125,5
3,40.790662,-124.172113,6
3,40.784086,-124.172140,7
3,40.784086,-124.170859,8
3,40.782984,-124.170858,9
3,40.782982,-124.172406,10
3,40.782998,-124.177220,11
3,40.780480,-124.177250,12
3,40.780423,-124.174779,13
3,40.776233,-124.174861,14
3,40.775829,-124.175126,15
3,40.774278,-124.175095,16
3,40.773689,-124.177561,17
3,40.773261,-124.177650,18
3,40.773281,-124.182112,19
3,40.767056,-124.181983,20
3,40.766892,-124.181875,21
3,40.766891,-124.180848,22
3,40.765620,-124.180485,23
3,40.765440,-124.180248,24
3,40.765443,-124.179505,25
3,40.765479,-124.177724,26
3,40.760925,-124.177940,27
3,40.760876,-124.181225,28
3,40.757526,-124.181054,29
3,40.757519,-124.183960,30
3,40.758099,-124.186066,31
3,40.757961,-124.188569,32
3,40.761043,-124.189948,33
3,40.764596,-124.191236,34
3,40.764596,-124.190010,35
3,40.764490,-124.189472,36
3,40.764757,-124.189419,37
3,40.764864,-124.189561,38
3,40.764703,-124.189962,39
3,40.764578,-124.191020,40
3,40.764757,-124.191260,41
3,40.766741,-124.191571,42
3,40.768553,-124.191650,43
3,40.772440,-124.190888,44
3,40.775369,-124.190388,45
3,40.776931,-124.189926,46
3,40.777527,-124.189614,47
3,40.778358,-124.188785,48
3,40.778718,-124.187998,49
3,40.779081,-124.187341,50
3,40.779650,-124.188058,51
3,40.780907,-124.187706,52
3,40.781106,-124.188058,53
3,40.780850,-124.188258,54
3,40.780707,-124.188320,55
3,40.780251,-124.188821,56
3,40.779071,-124.187335,57
3,40.779129,-124.186684,58
3,40.780617,-124.184653,59
3,40.780636,-124.182800,60
3,40.780616,-124.181218,61
3,40.780606,-124.178873,62
3,40.781445,-124.178873,63
3,40.781485,-124.180008,64
3,40.781328,-124.180388,65
3,40.780513,-124.180326,66
3,40.780477,-124.178010,67
3,40.780436,-124.173602,68
3,40.780412,-124.170553,69
3,40.780393,-124.166207,70
3,40.780514,-124.162487,71
3,40.779366,-124.162365,72
3,40.779362,-124.163556,73
3,40.782898,-124.163416,74
3,40.782898,-124.164588,75
3,40.788690,-124.164571,76
3,40.791376,-124.164622,77
3,40.798311,-124.166234,78
3,40.800041,-124.166663,79
3,40.800666,-124.162053,80
3,40.804979,-124.163178,81
3,40.804806,-124.164695,82
3,40.804444,-124.164632,83
4,40.803600,-124.164092,1
4,40.803051,-124.163909,2
4,40.802387,-124.168580,3
4,40.802135,-124.170582,4
4,40.801951,-124.171643,5
4,40.801562,-124.174601,6
4,40.801333,-124.174965,7
4,40.801034,-124.175116,8
4,40.798196,-124.175065,9
4,40.798231,-124.179100,10
4,40.794116,-124.179109,11
4,40.794116,-124.180685,12
4,40.791479,-124.180657,13
4,40.791465,-124.178315,14
4,40.785168,-124.182002,15
4,40.782001,-124.184278,16
4,40.781983,-124.184492,17
4,40.782958,-124.186591,18
4,40.782958,-124.187140,19
4,40.781725,-124.187468,20
4,40.781258,-124.187970,21
4,40.780992,-124.188246,22
4,40.780659,-124.188433,23
4,40.780241,-124.188922,24
4,40.779530,-124.188039,25
4,40.779011,-124.187392,26
4,40.779087,-124.186651,27
4,40.779863,-124.185558,28
4,40.780551,-124.184681,29
4,40.780606,-124.184044,30
4,40.780510,-124.176767,31
4,40.780435,-124.164765,32
4,40.780282,-124.162442,33
4,40.779405,-124.162442,34
4,40.779423,-124.163790,35
4,40.780354,-124.163627,36
4,40.780334,-124.161399,37
4,40.778562,-124.161422,38
4,40.773227,-124.161320,39
4,40.771143,-124.161423,40
4,40.769371,-124.159589,41
4,40.767959,-124.157826,42
4,40.766975,-124.155453,43
4,40.766685,-124.154869,44
4,40.766084,-124.154579,45
4,40.764119,-124.154780,46
4,40.761319,-124.154203,47
4,40.759840,-124.154167,48
4,40.758917,-124.153300,49
4,40.758649,-124.151441,50
4,40.758745,-124.149585,51
4,40.764035,-124.149471,52
4,40.764005,-124.145459,53
4,40.765957,-124.142961,54
4,40.769810,-124.142940,55
4,40.773203,-124.142934,56
4,40.773197,-124.144437,57
4,40.776791,-124.144504,58
4,40.778750,-124.144371,59
4,40.778827,-124.149359,60
4,40.778800,-124.153405,61
4,40.778638,-124.153870,62
4,40.778725,-124.159070,63
4,40.778659,-124.163614,64
4,40.780439,-124.163685,65
4,40.782833,-124.163487,66
4,40.782868,-124.171992,67
4,40.788659,-124.171966,68
4,40.794865,-124.171825,69
4,40.798836,-124.171799,70
4,40.799363,-124.171989,71
4,40.800518,-124.163655,72
4,40.800751,-124.162098,73
4,40.804904,-124.163220,74
4,40.804777,-124.164440,75
4,40.803408,-124.163993,76
5,40.868476,-124.083845,1
5,40.868882,-124.085806,2
5,40.870605,-124.085114,3
5,40.871545,-124.084748,4
5,40.872954,-124.084204,5
5,40.874295,-124.083721,6
5,40.875378,-124.083563,7
5,40.875941,-124.083346,8
5,40.876139,-124.083214,9
5,40.876461,-124.083168,10
5,40.877260,-124.083151,11
5,40.877612,-124.083217,12
5,40.878118,-124.083466,13
5,40.878301,-124.083522,14
5,40.878566,-124.083534,15
5,40.878684,-124.083543,16
5,40.878754,-124.083425,17
5,40.878630,-124.081201,18
5,40.878465,-124.081152,19
5,40.877859,-124.081352,20
5,40.877314,-124.081541,21
5,40.877228,-124.080563,22
5,40.877155,-124.080510,23
5,40.877111,-124.080444,24
5,40.877099,-124.080334,25
5,40.877136,-124.080232,26
5,40.877214,-124.080208,27
5,40.877273,-124.080254,28
5,40.877290,-124.080346,29
5,40.877287,-124.080437,30
5,40.877360,-124.081370,31
5,40.877414,-124.081378,32
5,40.878489,-124.080963,33
5,40.879016,-124.080893,34
5,40.879504,-124.081030,35
5,40.879758,-124.081067,36
5,40.880040,-124.081065,37
5,40.880317,-124.081033,38
5,40.880956,-124.080853,39
5,40.881685,-124.080680,40
5,40.882776,-124.080406,41
5,40.883589,-124.080176,42
5,40.884865,-124.079788,43
5,40.885268,-124.079660,44
5,40.885423,-124.079579,45
5,40.885701,-124.079346,46
5,40.885950,-124.079297,47
5,40.886149,-124.079345,48
5,40.886231,-124.079280,49
5,40.886445,-124.079063,50
5,40.886644,-124.079053,51
5,40.887469,-124.079154,52
5,40.888236,-124.079178,53
5,40.888851,-124.079181,54
5,40.889569,-124.079315,55
5,40.890309,-124.079522,56
5,40.890828,-124.079662,57
5,40.890936,-124.079651,58
5,40.891028,-124.079559,59
5,40.891121,-124.079548,60
5,40.891173,-124.079596,61
5,40.891206,-124.079678,62
5,40.891204,-124.079754,63
5,40.891136,-124.079831,64
5,40.891055,-124.079832,65
5,40.890849,-124.079724,66
5,40.890320,-124.079560,67
5,40.889570,-124.079364,68
5,40.888858,-124.079263,69
5,40.888070,-124.079266,70
5,40.887460,-124.079249,71
5,40.886682,-124.079151,72
5,40.886490,-124.079168,73
5,40.886293,-124.079328,74
5,40.886105,-124.079503,75
5,40.885934,-124.079416,76
5,40.885689,-124.079510,77
5,40.885492,-124.079672,78
5,40.884932,-124.079857,79
5,40.883584,-124.080270,80
5,40.882189,-124.080646,81
5,40.881169,-124.080914,82
5,40.880341,-124.081105,83
5,40.880051,-124.081155,84
5,40.879738,-124.081151,85
5,40.879499,-124.081103,86
5,40.879029,-124.081026,87
5,40.878831,-124.081040,88
5,40.878729,-124.081115,89
5,40.878877,-124.083522,90
5,40.878973,-124.084012,91
5,40.879104,-124.084246,92
5,40.879602,-124.084741,93
5,40.879887,-124.085032,94
5,40.880067,-124.085401,95
5,40.880272,-124.086459,96
5,40.880441,-124.087129,97
5,40.880604,-124.087971,98
5,40.880737,-124.088699,99
5,40.880752,-124.089060,100
5,40.880729,-124.090103,101
5,40.880678,-124.090221,102
5,40.880624,-124.091138,103
5,40.880100,-124.091122,104
5,40.879529,-124.091059,105
5,40.879400,-124.091089,106
5,40.879370,-124.091795,107
5,40.879387,-124.091896,108
5,40.880737,-124.091846,109
5,40.881467,-124.091789,110
5,40.881939,-124.091664,111
5,40.882412,-124.091485,112
5,40.883149,-124.091026,113
5,40.883416,-124.090842,114
5,40.884470,-124.090148,115
5,40.885156,-124.089765,116
5,40.886226,-124.089084,117
5,40.886627,-124.088845,118
5,40.887991,-124.088304,119
5,40.889002,-124.087943,120
5,40.890116,-124.087548,121
5,40.890251,-124.087504,122
5,40.890316,-124.087747,123
5,40.890413,-124.088052,124
5,40.891621,-124.090403,125
5,40.892472,-124.092169,126
5,40.892543,-124.092387,127
5,40.892750,-124.093311,128
5,40.892952,-124.094157,129
5,40.893180,-124.094354,130
5,40.893334,-124.094430,131
5,40.893496,-124.094411,132
5,40.894806,-124.093843,133
5,40.896362,-124.093223,134
5,40.897897,-124.092612,135
5,40.899627,-124.091922,136
5,40.900445,-124.091577,137
5,40.900988,-124.091395,138
5,40.901863,-124.091371,139
5,40.902531,-124.091363,140
5,40.902950,-124.091217,141
5,40.903305,-124.090919,142
5,40.903589,-124.090541,143
5,40.903858,-124.089787,144
5,40.903895,-124.089451,145
5,40.903822,-124.089213,146
5,40.903847,-124.089127,147
5,40.903908,-124.089048,148
5,40.904032,-124.088928,149
5,40.904074,-124.088857,150
5,40.904401,-124.087166,151
5,40.904795,-124.085495,152
5,40.904813,-124.085295,153
5,40.904763,-124.085164,154
5,40.904753,-124.085066,155
5,40.904779,-124.084973,156
5,40.904846,-124.084893,157
5,40.904935,-124.084727,158
5,40.904982,-124.084340,159
5,40.904999,-124.083157,160
5,40.903970,-124.083132,161
5,40.903649,-124.083156,162
5,40.903382,-124.083220,163
5,40.903014,-124.083432,164
5,40.902755,-124.083557,165
5,40.902367,-124.083672,166
5,40.902043,-124.083704,167
5,40.901711,-124.083668,168
5,40.900885,-124.083308,169
5,40.900468,-124.083069,170
5,40.900340,-124.082838,171
5,40.900328,-124.082468,172
5,40.900395,-124.082097,173
5,40.900635,-124.081730,174
5,40.900981,-124.081509,175
5,40.900657,-124.080746,176
5,40.900587,-124.080504,177
5,40.900570,-124.080202,178
5,40.900613,-124.079928,179
5,40.900736,-124.079683,180
5,40.900852,-124.079462,181
5,40.900870,-124.079358,182
5,40.900906,-124.079305,183
5,40.900957,-124.079324,184
5,40.900986,-124.079371,185
5,40.900985,-124.079466,186
5,40.900949,-124.079516,187
5,40.900881,-124.079567,188
5,40.900755,-124.079791,189
5,40.900654,-124.080031,190
5,40.900637,-124.080224,191
5,40.900644,-124.080438,192
5,40.900676,-124.080599,193
5,40.900752,-124.080763,194
5,40.900858,-124.081023,195
5,40.901063,-124.081454,196
5,40.901427,-124.081277,197
5,40.901895,-124.081193,198
5,40.902711,-124.081185,199
5,40.903680,-124.081180,200
5,40.904975,-124.081144,201
5,40.904964,-124.079371,202
5,40.904976,-124.076964,203
5,40.904965,-124.075819,204
5,40.904828,-124.075275,205
5,40.904732,-124.075244,206
5,40.904615,-124.075250,207
5,40.904486,-124.075223,208
5,40.904316,-124.075107,209
5,40.903767,-124.074712,210
5,40.903329,-124.074663,211
5,40.903118,-124.074665,212
5,40.902939,-124.074732,213
5,40.902809,-124.074835,214
5,40.902765,-124.074904,215
5,40.902718,-124.074976,216
5,40.902716,-124.075066,217
5,40.902675,-124.075125,218
5,40.902616,-124.075107,219
5,40.902585,-124.075058,220
5,40.902590,-124.074965,221
5,40.902643,-124.074904,222
5,40.902686,-124.074908,223
5,40.902775,-124.074797,224
5,40.902915,-124.074691,225
5,40.903107,-124.074630,226
5,40.903326,-124.074612,227
5,40.903770,-124.074656,228
5,40.904496,-124.075182,229
5,40.904600,-124.075193,230
5,40.904729,-124.075151,231
5,40.904853,-124.075095,232
5,40.905015,-124.075761,233
5,40.905030,-124.076367,234
5,40.905046,-124.076834,235
5,40.905027,-124.078132,236
5,40.905038,-124.081080,237
5,40.905057,-124.082909,238
5,40.905085,-124.084183,239
5,40.905044,-124.084476,240
5,40.905002,-124.084738,241
5,40.905007,-124.084845,242
5,40.905024,-124.084930,243
5,40.905066,-124.085007,244
5,40.905087,-124.085102,245
5,40.905068,-124.085202,246
5,40.905019,-124.085267,247
5,40.904932,-124.085368,248
5,40.904858,-124.085495,249
5,40.904387,-124.087384,250
5,40.904193,-124.088637,251
5,40.904127,-124.088862,252
5,40.904117,-124.089033,253
5,40.904143,-124.089130,254
5,40.904159,-124.089207,255
5,40.904158,-124.089292,256
5,40.904117,-124.089372,257
5,40.904060,-124.089434,258
5,40.904003,-124.089522,259
5,40.903934,-124.089714,260
5,40.903739,-124.090373,261
5,40.903518,-124.090817,262
5,40.903267,-124.091090,263
5,40.902913,-124.091323,264
5,40.902668,-124.091418,265
5,40.902172,-124.091440,266
5,40.901741,-124.091445,267
5,40.901021,-124.091463,268
5,40.900457,-124.091647,269
5,40.899642,-124.091966,270
5,40.897915,-124.092659,271
5,40.896553,-124.093225,272
5,40.895065,-124.093841,273
5,40.893507,-124.094458,274
5,40.893390,-124.094476,275
5,40.893260,-124.094454,276
5,40.893167,-124.094390,277
5,40.892933,-124.094201,278
5,40.892723,-124.093319,279
5,40.892511,-124.092403,280
5,40.892426,-124.092191,281
5,40.891984,-124.091242,282
5,40.891588,-124.090436,283
5,40.890691,-124.088649,284
5,40.890374,-124.088070,285
5,40.890198,-124.087656,286
5,40.890175,-124.087603,287
5,40.889023,-124.087999,288
5,40.887983,-124.088376,289
5,40.886770,-124.088849,290
5,40.886581,-124.088957,291
5,40.885652,-124.089528,292
5,40.884463,-124.090281,293
5,40.883570,-124.090839,294
5,40.883162,-124.091091,295
5,40.882408,-124.091534,296
5,40.881959,-124.091716,297
5,40.881467,-124.091844,298
5,40.880728,-124.091903,299
5,40.879480,-124.091945,300
5,40.879301,-124.091960,301
5,40.879355,-124.091091,302
5,40.879422,-124.090045,303
5,40.880678,-124.090082,304
5,40.880715,-124.089073,305
5,40.880691,-124.088708,306
5,40.880574,-124.087988,307
5,40.880404,-124.087217,308
5,40.880215,-124.086523,309
5,40.880028,-124.085459,310
5,40.879861,-124.085114,311
5,40.879667,-124.084894,312
5,40.879444,-124.084684,313
5,40.879074,-124.084305,314
5,40.878929,-124.084053,315
5,40.878835,-124.083833,316
5,40.878775,-124.083428,317
5,40.878650,-124.081203,318
5,40.878477,-124.081129,319
5,40.877851,-124.081328,320
5,40.877323,-124.081520,321
5,40.877244,-124.080561,322
5,40.877173,-124.080510,323
5,40.877125,-124.080447,324
5,40.877115,-124.080339,325
5,40.877147,-124.080248,326
5,40.877210,-124.080230,327
5,40.877259,-124.080272,328
5,40.877277,-124.080341,329
5,40.877268,-124.080436,330
5,40.877358,-124.081395,331
5,40.877409,-124.081398,332
5,40.878498,-124.080983,333
5,40.878680,-124.080973,334
5,40.878730,-124.081293,335
5,40.878814,-124.082690,336
5,40.878818,-124.083524,337
5,40.878820,-124.083630,338
5,40.878753,-124.083686,339
5,40.878676,-124.083706,340
5,40.878206,-124.083689,341
5,40.877913,-124.083690,342
5,40.877731,-124.083712,343
5,40.877554,-124.083743,344
5,40.877129,-124.083880,345
5,40.876611,-124.084076,346
5,40.875579,-124.084449,347
5,40.874711,-124.084778,348
5,40.873908,-124.085084,349
5,40.872932,-124.085433,350
5,40.871981,-124.085802,351
5,40.870795,-124.086244,352
5,40.869944,-124.086587,353
5,40.868856,-124.086977,354
5,40.867573,-124.087494,355
5,40.866614,-124.087863,356
5,40.865989,-124.088002,357
5,40.865868,-124.088025,358
5,40.865676,-124.087136,359
5,40.865453,-124.086083,360
5,40.865495,-124.085942,361
5,40.866030,-124.085721,362
5,40.866943,-124.085393,363
5,40.867736,-124.085099,364
5,40.868615,-124.084764,365
5,40.869404,-124.084470,366
5,40.869233,-124.083787,367
5,40.869188,-124.083744,368
5,40.868852,-124.083690,369
5,40.868775,-124.083703,370
5,40.868663,-124.083782,371
5,40.868577,-124.083810,372
5,40.868494,-124.083836,373
7,41.037710,-124.111720,687
7,41.035830,-124.111720,686
7,41.035830,-124.111720,685
7,41.035820,-124.110000,684
7,41.035800,-124.107560,683
7,41.035800,-124.107560,682
7,41.035510,-124.107650,681
7,41.034440,-124.108490,680
7,41.034300,-124.108730,679
7,41.034140,-124.109190,678
7,41.034110,-124.109440,677
7,41.034130,-124.109890,676
7,41.034080,-124.110070,675
7,41.033850,-124.110120,674
7,41.033750,-124.110050,673
7,41.033550,-124.109730,672
7,41.033340,-124.109530,671
7,41.032900,-124.109380,670
7,41.032720,-124.109360,669
7,41.032480,-124.109430,668
7,41.032380,-124.109570,667
7,41.032260,-124.109870,666
7,41.032260,-124.109870,665
7,41.031510,-124.109420,664
7,41.030150,-124.108780,663
7,41.030150,-124.108780,662
7,41.028210,-124.107460,661
7,41.027760,-124.107220,660
7,41.027300,-124.107040,659
7,41.026570,-124.106910,658
7,41.025920,-124.106910,657
7,41.024050,-124.107150,656
7,41.022950,-124.107160,655
7,41.020050,-124.106810,654
7,41.018960,-124.106740,653
7,41.017610,-124.106740,652
7,41.016080,-124.106990,651
7,41.013270,-124.107930,650
7,41.012210,-124.108480,649
7,41.010730,-124.109590,648
7,41.009980,-124.110010,647
7,41.009370,-124.110260,646
7,41.004730,-124.111640,645
7,41.003190,-124.112020,644
7,40.998720,-124.112710,643
7,40.996670,-124.112870,642
7,40.996000,-124.112840,641
7,40.993900,-124.112980,640
7,40.993900,-124.112980,639
7,40.993730,-124.112470,638
7,40.993520,-124.112200,637
7,40.993020,-124.112000,636
7,40.991740,-124.111630,635
7,40.990770,-124.110930,634
7,40.989090,-124.110020,633
7,40.988500,-124.109610,632
7,40.988170,-124.109290,631
7,40.983970,-124.103960,630
7,40.983330,-124.103300,629
7,40.982360,-124.102460,628
7,40.981530,-124.101900,627
7,40.980840,-124.101500,626
7,40.980200,-124.101200,625
7,40.978940,-124.100790,624
7,40.978080,-124.100630,623
7,40.977290,-124.100550,622
7,40.976390,-124.100540,621
7,40.964000,-124.100720,620
7,40.964000,-124.100720,619
7,40.964090,-124.101000,618
7,40.964400,-124.101440,617
7,40.964730,-124.102030,616
7,40.966350,-124.105110,615
7,40.966520,-124.105320,614
7,40.967170,-124.105880,613
7,40.969300,-124.107510,612
7,40.969700,-124.108010,611
7,40.969700,-124.108010,610
7,40.969940,-124.107650,609
7,40.969940,-124.107650,608
7,40.970750,-124.108180,607
7,40.970850,-124.108170,606
7,40.970960,-124.108060,605
7,40.971250,-124.107330,604
7,40.971290,-124.107040,603
7,40.971290,-124.107040,602
7,40.970950,-124.106840,601
7,40.970140,-124.106320,600
7,40.969920,-124.106250,599
7,40.969920,-124.106250,598
7,40.969900,-124.105570,597
7,40.969850,-124.105500,596
7,40.967120,-124.105550,595
7,40.966930,-124.105670,594
7,40.966930,-124.105670,593
7,40.966520,-124.105320,592
7,40.966230,-124.104910,591
7,40.964730,-124.102030,590
7,40.964400,-124.101440,589
7,40.964090,-124.101000,588
7,40.964000,-124.100720,587
7,40.964000,-124.100720,586
7,40.956240,-124.100830,585
7,40.956210,-124.104100,584
7,40.956250,-124.111740,583
7,40.956250,-124.110390,582
7,40.956250,-124.110390,581
7,40.949030,-124.110550,580
7,40.947800,-124.110650,579
7,40.945030,-124.110550,578
7,40.944210,-124.110580,577
7,40.944210,-124.110580,576
7,40.944280,-124.110360,575
7,40.944620,-124.109170,574
7,40.945000,-124.107520,573
7,40.946670,-124.100980,572
7,40.946670,-124.100980,571
7,40.946700,-124.100980,570
7,40.943640,-124.100950,569
7,40.934130,-124.100890,568
7,40.926920,-124.100800,567
7,40.926220,-124.100790,566
7,40.925600,-124.100680,565
7,40.924680,-124.100330,564
7,40.924070,-124.099960,563
7,40.924030,-124.099880,562
7,40.923540,-124.099480,561
7,40.923170,-124.099090,560
7,40.922700,-124.098470,559
7,40.921850,-124.097100,558
7,40.921480,-124.096610,557
7,40.921020,-124.096110,556
7,40.919340,-124.094570,555
7,40.919340,-124.094570,554
7,40.918840,-124.094080,553
7,40.918330,-124.093690,552
7,40.917880,-124.093390,551
7,40.917390,-124.093220,550
7,40.917390,-124.093220,549
7,40.907620,-124.088350,548
7,40.906750,-124.087780,547
7,40.906440,-124.087540,546
7,40.906030,-124.087030,545
7,40.905410,-124.085650,544
7,40.905130,-124.085240,543
7,40.905050,-124.084970,542
7,40.905050,-124.084970,541
7,40.905010,-124.084570,540
7,40.905120,-124.083620,539
7,40.905080,-124.082990,538
7,40.905080,-124.082990,537
7,40.903720,-124.083020,536
7,40.903390,-124.083100,535
7,40.902700,-124.083430,534
7,40.902240,-124.083540,533
7,40.901680,-124.083530,532
7,40.900470,-124.082960,531
7,40.900400,-124.082740,530
7,40.900460,-124.082150,529
7,40.900560,-124.081900,528
7,40.900710,-124.081720,527
7,40.901350,-124.081320,526
7,40.902030,-124.081170,525
7,40.903320,-124.081170,524
7,40.905030,-124.081180,523
7,40.905030,-124.081180,522
7,40.905000,-124.075930,521
7,40.904970,-124.075610,520
7,40.904890,-124.075110,519
7,40.904770,-124.074680,518
7,40.903940,-124.072950,517
7,40.903890,-124.072840,516
7,40.903890,-124.072840,515
7,40.903720,-124.072820,514
7,40.902650,-124.073740,513
7,40.902350,-124.074030,512
7,40.901990,-124.074500,511
7,40.901860,-124.074750,510
7,40.901860,-124.074750,509
7,40.901620,-124.075130,508
7,40.898570,-124.080770,507
7,40.897560,-124.082390,506
7,40.897330,-124.082660,505
7,40.897090,-124.082760,504
7,40.896850,-124.082770,503
7,40.895940,-124.082500,502
7,40.895940,-124.082500,501
7,40.895060,-124.082100,500
7,40.891720,-124.080370,499
7,40.890770,-124.079940,498
7,40.889600,-124.079560,497
7,40.888700,-124.079420,496
7,40.887570,-124.079430,495
7,40.886800,-124.079530,494
7,40.884330,-124.080310,493
7,40.883010,-124.080570,492
7,40.880420,-124.081260,491
7,40.879840,-124.081360,490
7,40.878690,-124.081400,489
7,40.878690,-124.081400,488
7,40.878670,-124.080780,487
7,40.878670,-124.080780,486
7,40.877300,-124.081350,485
7,40.877300,-124.081350,484
7,40.877290,-124.080500,483
7,40.877300,-124.081350,482
7,40.877300,-124.081350,481
7,40.876000,-124.081610,480
7,40.875440,-124.081670,479
7,40.874150,-124.081650,478
7,40.873340,-124.081580,477
7,40.872670,-124.081440,476
7,40.872390,-124.081470,475
7,40.872250,-124.081610,474
7,40.872250,-124.081610,473
7,40.871660,-124.079090,472
7,40.869300,-124.079970,471
7,40.869300,-124.079970,470
7,40.869510,-124.081000,469
7,40.869930,-124.082720,468
7,40.870210,-124.084150,467
7,40.870210,-124.084150,466
7,40.868630,-124.084750,465
7,40.868630,-124.084750,464
7,40.868440,-124.083860,463
7,40.868650,-124.083800,462
7,40.869230,-124.083810,461
7,40.869310,-124.083860,460
7,40.869310,-124.083860,459
7,40.869450,-124.084420,458
7,40.869450,-124.084420,457
7,40.867030,-124.085340,456
7,40.867250,-124.086390,455
7,40.865680,-124.087000,454
7,40.864990,-124.087250,453
7,40.864990,-124.087250,452
7,40.864780,-124.086540,451
7,40.863280,-124.084450,450
7,40.863000,-124.083780,449
7,40.862670,-124.082350,448
7,40.862630,-124.081880,447
7,40.862700,-124.081630,446
7,40.862780,-124.081530,445
7,40.862990,-124.081450,444
7,40.863180,-124.081510,443
7,40.863310,-124.081680,442
7,40.863360,-124.081860,441
7,40.863340,-124.082180,440
7,40.863190,-124.082400,439
7,40.862790,-124.082490,438
7,40.862790,-124.082490,437
7,40.860100,-124.082280,436
7,40.860100,-124.082280,435
7,40.858850,-124.082200,434
7,40.857360,-124.082250,433
7,40.857360,-124.082250,432
7,40.852890,-124.081920,431
7,40.852060,-124.081910,430
7,40.850940,-124.081790,429
7,40.846610,-124.081670,428
7,40.834760,-124.081790,427
7,40.832620,-124.081910,426
7,40.831980,-124.081990,425
7,40.830630,-124.082300,424
7,40.829510,-124.082670,423
7,40.828460,-124.083130,422
7,40.828040,-124.083370,421
7,40.826360,-124.084510,420
7,40.824930,-124.085750,419
7,40.823790,-124.087050,418
7,40.822730,-124.088550,417
7,40.822040,-124.089730,416
7,40.821020,-124.091660,415
7,40.806770,-124.119500,414
7,40.806060,-124.121080,413
7,40.805350,-124.123130,412
7,40.804940,-124.124800,411
7,40.804740,-124.126090,410
7,40.804630,-124.127390,409
7,40.804610,-124.128540,408
7,40.804630,-124.129260,407
7,40.804750,-124.130680,406
7,40.805000,-124.132390,405
7,40.805650,-124.136250,404
7,40.805710,-124.137140,403
7,40.805660,-124.138140,402
7,40.805500,-124.139240,401
7,40.804160,-124.145360,400
7,40.803890,-124.146770,399
7,40.803810,-124.147890,398
7,40.803890,-124.153690,397
7,40.803810,-124.154170,396
7,40.803480,-124.154810,395
7,40.802950,-124.158370,394
7,40.800870,-124.173460,393
7,40.800730,-124.174680,392
7,40.800600,-124.174980,391
7,40.800410,-124.175130,390
7,40.797400,-124.175110,389
7,40.797000,-124.175180,388
7,40.792850,-124.177560,387
7,40.791710,-124.178260,386
7,40.791590,-124.178260,385
7,40.790440,-124.178940,384
7,40.790380,-124.179060,383
7,40.785510,-124.181820,382
7,40.781290,-124.184830,381
7,40.780770,-124.185120,380
7,40.780420,-124.185420,379
7,40.779650,-124.186270,378
7,40.779290,-124.186810,377
7,40.778910,-124.187550,376
7,40.778990,-124.187602,375
7,40.779454,-124.188122,374
7,40.779771,-124.188340,373
7,40.780202,-124.188978,372
7,40.780444,-124.188778,371
7,40.780202,-124.188978,370
7,40.779771,-124.188340,369
7,40.779454,-124.188122,368
7,40.778964,-124.187508,367
7,40.778890,-124.187583,366
7,40.778890,-124.187580,365
7,40.778530,-124.188340,364
7,40.778230,-124.188830,363
7,40.777940,-124.189200,362
7,40.777540,-124.189540,361
7,40.776510,-124.190050,360
7,40.775910,-124.190240,359
7,40.774990,-124.190400,358
7,40.774910,-124.190480,357
7,40.774260,-124.190620,356
7,40.771780,-124.191130,355
7,40.769410,-124.191550,354
7,40.768210,-124.191660,353
7,40.767120,-124.191640,352
7,40.765690,-124.191490,351
7,40.765610,-124.191420,350
7,40.763680,-124.190980,349
7,40.759830,-124.189570,348
7,40.758750,-124.189410,347
7,40.757950,-124.189460,346
7,40.757110,-124.189650,345
7,40.756100,-124.190120,344
7,40.751070,-124.192980,343
7,40.750800,-124.193180,342
7,40.750220,-124.193740,341
7,40.747640,-124.196640,340
7,40.746900,-124.197340,339
7,40.746400,-124.197780,338
7,40.745720,-124.198190,337
7,40.744800,-124.198510,336
7,40.744800,-124.198510,335
7,40.743470,-124.198790,334
7,40.743190,-124.198930,333
7,40.743190,-124.198930,332
7,40.742170,-124.199070,331
7,40.742170,-124.199070,330
7,40.742280,-124.199560,329
7,40.742280,-124.199560,328
7,40.741920,-124.199810,327
7,40.742000,-124.199750,326
7,40.741560,-124.200120,325
7,40.741250,-124.200450,324
7,40.740620,-124.201400,323
7,40.736640,-124.208760,322
7,40.736250,-124.209640,321
7,40.735860,-124.210080,320
7,40.735860,-124.210080,319
7,40.735670,-124.210290,318
7,40.733760,-124.212540,317
7,40.733530,-124.212900,316
7,40.733530,-124.212900,315
7,40.732970,-124.213400,314
7,40.732290,-124.213830,313
7,40.731780,-124.214060,312
7,40.731190,-124.214240,311
7,40.727810,-124.214630,310
7,40.725010,-124.214620,309
7,40.725010,-124.214620,308
7,40.724930,-124.214630,307
7,40.724560,-124.214650,306
7,40.723420,-124.214880,305
7,40.721650,-124.215310,304
7,40.721650,-124.215310,303
7,40.719950,-124.215500,302
7,40.717080,-124.215590,301
7,40.716250,-124.215570,300
7,40.715410,-124.215350,299
7,40.714920,-124.215130,298
7,40.714260,-124.214720,297
7,40.709290,-124.210910,296
7,40.708620,-124.210220,295
7,40.708090,-124.209460,294
7,40.707900,-124.209260,293
7,40.707610,-124.209080,292
7,40.707610,-124.209080,291
7,40.706800,-124.208980,290
7,40.706440,-124.208860,289
7,40.704900,-124.207770,288
7,40.703550,-124.206660,287
7,40.702200,-124.205350,286
7,40.701240,-124.204540,285
7,40.699900,-124.203660,284
7,40.699540,-124.203310,283
7,40.696910,-124.200150,282
7,40.696910,-124.200150,281
7,40.697250,-124.199860,280
7,40.697940,-124.199610,279
7,40.697920,-124.199620,278
7,40.697250,-124.199860,277
7,40.696910,-124.200150,276
7,40.696910,-124.200150,275
7,40.699460,-124.203210,274
7,40.699900,-124.203660,273
7,40.701240,-124.204540,272
7,40.702200,-124.205350,271
7,40.703550,-124.206660,270
7,40.704730,-124.207640,269
7,40.706440,-124.208860,268
7,40.706800,-124.208980,267
7,40.707590,-124.209080,266
7,40.707610,-124.209080,265
7,40.707900,-124.209360,264
7,40.707920,-124.209540,263
7,40.707870,-124.209620,262
7,40.707700,-124.209690,261
7,40.706140,-124.209720,260
7,40.706140,-124.209720,259
7,40.704440,-124.209600,258
7,40.703860,-124.209470,257
7,40.703140,-124.209100,256
7,40.702780,-124.208820,255
7,40.702350,-124.208390,254
7,40.701840,-124.207730,253
7,40.700610,-124.205970,252
7,40.700250,-124.205570,251
7,40.699220,-124.204670,250
7,40.698200,-124.204080,249
7,40.697740,-124.203890,248
7,40.697320,-124.203750,247
7,40.683550,-124.200910,246
7,40.682140,-124.200710,245
7,40.680600,-124.200710,244
7,40.671340,-124.201760,243
7,40.670190,-124.201950,242
7,40.668910,-124.202250,241
7,40.664060,-124.203570,240
7,40.660640,-124.204590,239
7,40.660080,-124.204830,238
7,40.659260,-124.205280,237
7,40.658340,-124.205960,236
7,40.657130,-124.207250,235
7,40.654540,-124.210470,234
7,40.654300,-124.210690,233
7,40.653700,-124.211100,232
7,40.653210,-124.211340,231
7,40.652720,-124.211500,230
7,40.652230,-124.211550,229
7,40.651240,-124.211470,228
7,40.650460,-124.211180,227
7,40.645920,-124.208490,226
7,40.645020,-124.208260,225
7,40.644450,-124.208250,224
7,40.643940,-124.208330,223
7,40.643180,-124.208580,222
7,40.635970,-124.212190,221
7,40.628850,-124.215680,220
7,40.627700,-124.216200,219
7,40.627000,-124.216330,218
7,40.626610,-124.216340,217
7,40.625660,-124.216180,216
7,40.625120,-124.215930,215
7,40.624630,-124.215610,214
7,40.624160,-124.215130,213
7,40.622460,-124.212970,212
7,40.622130,-124.212490,211
7,40.621800,-124.211880,210
7,40.621470,-124.211030,209
7,40.621090,-124.209580,208
7,40.621000,-124.209130,207
7,40.620820,-124.207630,206
7,40.620620,-124.206640,205
7,40.620200,-124.205520,204
7,40.619850,-124.204870,203
7,40.619290,-124.204010,202
7,40.617960,-124.202110,201
7,40.617580,-124.201370,200
7,40.617350,-124.200680,199
7,40.616910,-124.199050,198
7,40.616430,-124.197860,197
7,40.614520,-124.194180,196
7,40.613870,-124.193020,195
7,40.613020,-124.191880,194
7,40.609650,-124.187880,193
7,40.607770,-124.185270,192
7,40.606930,-124.183850,191
7,40.606200,-124.182010,190
7,40.605180,-124.178640,189
7,40.604800,-124.177670,188
7,40.604130,-124.176370,187
7,40.603530,-124.175320,186
7,40.602940,-124.174100,185
7,40.601330,-124.170360,184
7,40.601170,-124.169890,183
7,40.600550,-124.168490,182
7,40.600340,-124.167890,181
7,40.600340,-124.167890,180
7,40.599300,-124.165000,179
7,40.598100,-124.159220,178
7,40.598000,-124.158480,177
7,40.597990,-124.155560,176
7,40.597990,-124.155560,175
7,40.598840,-124.155540,174
7,40.597990,-124.155560,173
7,40.597990,-124.155560,172
7,40.597900,-124.150180,171
7,40.597870,-124.149710,170
7,40.597580,-124.148120,169
7,40.597600,-124.147990,168
7,40.597390,-124.147300,167
7,40.597150,-124.147030,166
7,40.596810,-124.146790,165
7,40.596550,-124.146680,164
7,40.596550,-124.146680,163
7,40.592060,-124.146650,162
7,40.584740,-124.146670,161
7,40.584740,-124.146670,160
7,40.584730,-124.143960,159
7,40.584720,-124.139870,158
7,40.584650,-124.139420,157
7,40.584230,-124.138420,156
7,40.583530,-124.137440,155
7,40.583290,-124.136950,154
7,40.583120,-124.136350,153
7,40.583060,-124.135530,152
7,40.583060,-124.135530,151
7,40.582580,-124.135500,150
7,40.582580,-124.135500,149
7,40.582590,-124.135670,148
7,40.582900,-124.135900,147
7,40.582590,-124.135670,146
7,40.582580,-124.135500,145
7,40.582580,-124.135500,144
7,40.583060,-124.135530,143
7,40.583060,-124.135530,142
7,40.583070,-124.132000,141
7,40.583070,-124.132000,140
7,40.583060,-124.130990,139
7,40.583060,-124.130990,138
7,40.578900,-124.129940,137
7,40.576670,-124.129090,136
7,40.573150,-124.127650,135
7,40.570800,-124.126830,134
7,40.570210,-124.126750,133
7,40.570220,-124.134040,132
7,40.570220,-124.134040,131
7,40.570190,-124.134040,130
7,40.570220,-124.134040,129
7,40.570220,-124.134040,128
7,40.570190,-124.137630,127
7,40.570230,-124.138710,126
7,40.570230,-124.138710,125
7,40.570420,-124.139610,124
7,40.570510,-124.139850,123
7,40.570700,-124.140240,122
7,40.571030,-124.140700,121
7,40.571510,-124.141170,120
7,40.574460,-124.143740,119
7,40.576650,-124.146220,118
7,40.577050,-124.146540,117
7,40.577050,-124.146540,116
7,40.576810,-124.147120,115
7,40.576590,-124.147370,114
7,40.575620,-124.148030,113
7,40.575340,-124.148320,112
7,40.575340,-124.148320,111
7,40.574900,-124.148950,110
7,40.574570,-124.149540,109
7,40.574530,-124.149820,108
7,40.574550,-124.149910,107
7,40.574700,-124.150110,106
7,40.577150,-124.152290,105
7,40.577390,-124.152610,104
7,40.577390,-124.152610,103
7,40.577750,-124.152430,102
7,40.578030,-124.152350,101
7,40.580550,-124.152340,100
7,40.580620,-124.152440,99
7,40.580630,-124.154610,98
7,40.580630,-124.154610,97
7,40.578140,-124.154650,96
7,40.577890,-124.154570,95
7,40.577770,-124.154480,94
7,40.577560,-124.154070,93
7,40.577510,-124.153770,92
7,40.577500,-124.152970,91
7,40.577340,-124.152520,90
7,40.577150,-124.152290,89
7,40.574700,-124.150110,88
7,40.574550,-124.149910,87
7,40.574530,-124.149820,86
7,40.574570,-124.149540,85
7,40.575110,-124.148640,84
7,40.575110,-124.148640,83
7,40.574880,-124.148560,82
7,40.571980,-124.148720,81
7,40.571980,-124.148720,80
7,40.566150,-124.148290,79
7,40.553680,-124.146180,78
7,40.548570,-124.145220,77
7,40.544300,-124.144520,76
7,40.543710,-124.144450,75
7,40.542900,-124.144450,74
7,40.542290,-124.144520,73
7,40.541900,-124.144620,72
7,40.540610,-124.145150,71
7,40.537070,-124.147520,70
7,40.533680,-124.149890,69
7,40.532840,-124.150310,68
7,40.528980,-124.151260,67
7,40.528470,-124.151340,66
7,40.527850,-124.151340,65
7,40.526810,-124.151150,64
7,40.526160,-124.150890,63
7,40.525610,-124.150570,62
7,40.525080,-124.150160,61
7,40.521730,-124.147050,60
7,40.521250,-124.146480,59
7,40.520590,-124.145440,58
7,40.520210,-124.144570,57
7,40.514330,-124.129070,56
7,40.511900,-124.122860,55
7,40.511530,-124.122150,54
7,40.510700,-124.121120,53
7,40.509490,-124.119910,52
7,40.508520,-124.118860,51
7,40.508100,-124.118240,50
7,40.507700,-124.117420,49
7,40.507540,-124.116920,48
7,40.506690,-124.113500,47
7,40.506000,-124.109630,46
7,40.506000,-124.109630,45
7,40.505370,-124.109440,44
7,40.505040,-124.109200,43
7,40.504420,-124.108520,42
7,40.504400,-124.108410,41
7,40.503720,-124.107730,40
7,40.503110,-124.107280,39
7,40.503030,-124.107290,38
7,40.502630,-124.107050,37
7,40.503110,-124.104940,36
7,40.503100,-124.099930,35
7,40.503100,-124.099930,34
7,40.502410,-124.099690,33
7,40.502210,-124.099560,32
7,40.502080,-124.099410,31
7,40.502040,-124.099060,30
7,40.502070,-124.097120,29
7,40.499180,-124.097160,28
7,40.499180,-124.097160,27
7,40.499190,-124.097300,26
7,40.499190,-124.106130,25
7,40.499190,-124.106130,24
7,40.498700,-124.106080,23
7,40.498090,-124.105940,22
7,40.497530,-124.105710,21
7,40.496870,-124.105210,20
7,40.493210,-124.101560,19
6,41.061520,-124.140530,717
6,41.061900,-124.139630,716
6,41.062350,-124.138890,715
6,41.062350,-124.138890,714
6,41.062030,-124.138530,713
6,41.061660,-124.138010,712
6,41.060930,-124.136780,711
6,41.060930,-124.136780,710
6,41.056300,-124.127840,709
6,41.055820,-124.127170,708
6,41.055370,-124.126670,707
6,41.054700,-124.126020,706
6,41.043700,-124.116080,705
6,41.042790,-124.115500,704
6,41.039510,-124.113960,703
6,41.038980,-124.113610,702
6,41.038660,-124.113330,701
6,41.038540,-124.113140,700
6,41.038180,-124.112160,699
6,41.037950,-124.111840,698
6,41.037850,-124.111770,697
6,41.037850,-124.111770,696
6,41.037710,-124.111720,695
6,41.035830,-124.111720,694
6,41.035830,-124.111720,693
6,41.035820,-124.110000,692
6,41.035800,-124.107560,691
6,41.035800,-124.107560,690
6,41.035510,-124.107650,689
6,41.034440,-124.108490,688
6,41.034300,-124.108730,687
6,41.034140,-124.109190,686
6,41.034110,-124.109440,685
6,41.034130,-124.109890,684
6,41.034080,-124.110070,683
6,41.033850,-124.110120,682
6,41.033750,-124.110050,681
6,41.033550,-124.109730,680
6,41.033340,-124.109530,679
6,41.032900,-124.109380,678
6,41.032720,-124.109360,677
6,41.032480,-124.109430,676
6,41.032380,-124.109570,675
6,41.032260,-124.109870,674
6,41.032260,-124.109870,673
6,41.031510,-124.109420,672
6,41.030150,-124.108780,671
6,41.030150,-124.108780,670
6,41.028210,-124.107460,669
6,41.027760,-124.107220,668
6,41.027300,-124.107040,667
6,41.026570,-124.106910,666
6,41.025920,-124.106910,665
6,41.024050,-124.107150,664
6,41.022950,-124.107160,663
6,41.020050,-124.106810,662
6,41.018960,-124.106740,661
6,41.017610,-124.106740,660
6,41.016080,-124.106990,659
6,41.013270,-124.107930,658
6,41.012210,-124.108480,657
6,41.010730,-124.109590,656
6,41.009980,-124.110010,655
6,41.009370,-124.110260,654
6,41.004730,-124.111640,653
6,41.003190,-124.112020,652
6,40.998720,-124.112710,651
6,40.996670,-124.112870,650
6,40.996000,-124.112840,649
6,40.993900,-124.112980,648
6,40.993900,-124.112980,647
6,40.993730,-124.112470,646
6,40.993520,-124.112200,645
6,40.993020,-124.112000,644
6,40.991740,-124.111630,643
6,40.990770,-124.110930,642
6,40.989090,-124.110020,641
6,40.988500,-124.109610,640
6,40.988170,-124.109290,639
6,40.983970,-124.103960,638
6,40.983330,-124.103300,637
6,40.982360,-124.102460,636
6,40.981530,-124.101900,635
6,40.980840,-124.101500,634
6,40.980200,-124.101200,633
6,40.978940,-124.100790,632
6,40.978080,-124.100630,631
6,40.977290,-124.100550,630
6,40.976390,-124.100540,629
6,40.964000,-124.100720,628
6,40.964000,-124.100720,627
6,40.964090,-124.101000,626
6,40.964400,-124.101440,625
6,40.964730,-124.102030,624
6,40.966350,-124.105110,623
6,40.966520,-124.105320,622
6,40.967170,-124.105880,621
6,40.969300,-124.107510,620
6,40.969700,-124.108010,619
6,40.969700,-124.108010,618
6,40.969940,-124.107650,617
6,40.969940,-124.107650,616
6,40.970750,-124.108180,615
6,40.970850,-124.108170,614
6,40.970960,-124.108060,613
6,40.971250,-124.107330,612
6,40.971290,-124.107040,611
6,40.971290,-124.107040,610
6,40.970950,-124.106840,609
6,40.970140,-124.106320,608
6,40.969920,-124.106250,607
6,40.969920,-124.106250,606
6,40.969810,-124.106290,605
6,40.969690,-124.106420,604
6,40.969600,-124.106560,603
6,40.969530,-124.106850,602
6,40.969580,-124.107210,601
6,40.969690,-124.107400,600
6,40.969940,-124.107650,599
6,40.969940,-124.107650,598
6,40.969700,-124.108010,597
6,40.969300,-124.107510,596
6,40.967170,-124.105880,595
6,40.966410,-124.105200,594
6,40.964730,-124.102030,593
6,40.964400,-124.101440,592
6,40.964090,-124.101000,591
6,40.964000,-124.100720,590
6,40.964000,-124.100720,589
6,40.956240,-124.100830,588
6,40.956240,-124.100830,587
6,40.956240,-124.101000,586
6,40.956240,-124.100830,585
6,40.956210,-124.104100,584
6,40.956250,-124.111740,583
6,40.956250,-124.110390,582
6,40.956250,-124.110390,581
6,40.949030,-124.110550,580
6,40.947800,-124.110650,579
6,40.945030,-124.110550,578
6,40.944210,-124.110580,577
6,40.944210,-124.110580,576
6,40.944280,-124.110360,575
6,40.944620,-124.109170,574
6,40.945000,-124.107520,573
6,40.946670,-124.100980,572
6,40.946670,-124.100980,571
6,40.946700,-124.100980,570
6,40.943640,-124.100950,569
6,40.934130,-124.100890,568
6,40.926920,-124.100800,567
6,40.926220,-124.100790,566
6,40.925600,-124.100680,565
6,40.924680,-124.100330,564
6,40.924070,-124.099960,563
6,40.924030,-124.099880,562
6,40.923540,-124.099480,561
6,40.923170,-124.099090,560
6,40.922700,-124.098470,559
6,40.921850,-124.097100,558
6,40.921480,-124.096610,557
6,40.921020,-124.096110,556
6,40.919340,-124.094570,555
6,40.919340,-124.094570,554
6,40.918840,-124.094080,553
6,40.918330,-124.093690,552
6,40.917880,-124.093390,551
6,40.917390,-124.093220,550
6,40.917390,-124.093220,549
6,40.907620,-124.088350,548
6,40.906750,-124.087780,547
6,40.906440,-124.087540,546
6,40.906030,-124.087030,545
6,40.905410,-124.085650,544
6,40.905130,-124.085240,543
6,40.905050,-124.084970,542
6,40.905050,-124.084970,541
6,40.905010,-124.084570,540
6,40.905120,-124.083620,539
6,40.905080,-124.082990,538
6,40.905080,-124.082990,537
6,40.903720,-124.083020,536
6,40.903390,-124.083100,535
6,40.902700,-124.083430,534
6,40.902240,-124.083540,533
6,40.901680,-124.083530,532
6,40.900470,-124.082960,531
6,40.900400,-124.082740,530
6,40.900460,-124.082150,529
6,40.900560,-124.081900,528
6,40.900710,-124.081720,527
6,40.901350,-124.081320,526
6,40.902030,-124.081170,525
6,40.903320,-124.081170,524
6,40.905030,-124.081180,523
6,40.905030,-124.081180,522
6,40.905000,-124.075930,521
6,40.904970,-124.075610,520
6,40.904890,-124.075110,519
6,40.904770,-124.074680,518
6,40.903940,-124.072950,517
6,40.903890,-124.072840,516
6,40.903890,-124.072840,515
6,40.903720,-124.072820,514
6,40.902650,-124.073740,513
6,40.902350,-124.074030,512
6,40.901990,-124.074500,511
6,40.901860,-124.074750,510
6,40.901860,-124.074750,509
6,40.901620,-124.075130,508
6,40.898570,-124.080770,507
6,40.897560,-124.082390,506
6,40.897330,-124.082660,505
6,40.897090,-124.082760,504
6,40.896850,-124.082770,503
6,40.895940,-124.082500,502
6,40.895940,-124.082500,501
6,40.895060,-124.082100,500
6,40.891720,-124.080370,499
6,40.890770,-124.079940,498
6,40.889600,-124.079560,497
6,40.888700,-124.079420,496
6,40.887570,-124.079430,495
6,40.886800,-124.079530,494
6,40.884330,-124.080310,493
6,40.883010,-124.080570,492
6,40.880420,-124.081260,491
6,40.879840,-124.081360,490
6,40.878690,-124.081400,489
6,40.878690,-124.081400,488
6,40.878670,-124.080780,487
6,40.878670,-124.080780,486
6,40.877300,-124.081350,485
6,40.877300,-124.081350,484
6,40.877290,-124.080500,483
6,40.877300,-124.081350,482
6,40.877300,-124.081350,481
6,40.876000,-124.081610,480
6,40.875440,-124.081670,479
6,40.874150,-124.081650,478
6,40.873340,-124.081580,477
6,40.872670,-124.081440,476
6,40.872390,-124.081470,475
6,40.872250,-124.081610,474
6,40.872250,-124.081610,473
6,40.871660,-124.079090,472
6,40.869300,-124.079970,471
6,40.869300,-124.079970,470
6,40.869510,-124.081000,469
6,40.869930,-124.082720,468
6,40.870210,-124.084150,467
6,40.870210,-124.084150,466
6,40.868630,-124.084750,465
6,40.868630,-124.084750,464
6,40.868440,-124.083860,463
6,40.868650,-124.083800,462
6,40.869230,-124.083810,461
6,40.869310,-124.083860,460
6,40.869310,-124.083860,459
6,40.869450,-124.084420,458
6,40.869450,-124.084420,457
6,40.867030,-124.085340,456
6,40.867250,-124.086390,455
6,40.865680,-124.087000,454
6,40.864990,-124.087250,453
6,40.864990,-124.087250,452
6,40.864780,-124.086540,451
6,40.863280,-124.084450,450
6,40.863000,-124.083780,449
6,40.862670,-124.082350,448
6,40.862630,-124.081880,447
6,40.862700,-124.081630,446
6,40.862780,-124.081530,445
6,40.862990,-124.081450,444
6,40.863180,-124.081510,443
6,40.863310,-124.081680,442
6,40.863360,-124.081860,441
6,40.863340,-124.082180,440
6,40.863190,-124.082400,439
6,40.862790,-124.082490,438
6,40.862790,-124.082490,437
6,40.860100,-124.082280,436
6,40.860100,-124.082280,435
6,40.858850,-124.082200,434
6,40.857360,-124.082250,433
6,40.857360,-124.082250,432
6,40.852890,-124.081920,431
6,40.852060,-124.081910,430
6,40.850940,-124.081790,429
6,40.846610,-124.081670,428
6,40.834760,-124.081790,427
6,40.832620,-124.081910,426
6,40.831980,-124.081990,425
6,40.830630,-124.082300,424
6,40.829510,-124.082670,423
6,40.828460,-124.083130,422
6,40.828040,-124.083370,421
6,40.826360,-124.084510,420
6,40.824930,-124.085750,419
6,40.823790,-124.087050,418
6,40.822730,-124.088550,417
6,40.822040,-124.089730,416
6,40.821020,-124.091660,415
6,40.806770,-124.119500,414
6,40.806060,-124.121080,413
6,40.805350,-124.123130,412
6,40.804940,-124.124800,411
6,40.804740,-124.126090,410
6,40.804630,-124.127390,409
6,40.804610,-124.128540,408
6,40.804630,-124.129260,407
6,40.804750,-124.130680,406
6,40.805000,-124.132390,405
6,40.805650,-124.136250,404
6,40.805710,-124.137140,403
6,40.805660,-124.138140,402
6,40.805500,-124.139240,401
6,40.804160,-124.145360,400
6,40.803890,-124.146770,399
6,40.803810,-124.147890,398
6,40.803890,-124.153690,397
6,40.803810,-124.154170,396
6,40.803480,-124.154810,395
6,40.802950,-124.158370,394
6,40.800870,-124.173460,393
6,40.800730,-124.174680,392
6,40.800600,-124.174980,391
6,40.800410,-124.175130,390
6,40.797400,-124.175110,389
6,40.797000,-124.175180,388
6,40.792850,-124.177560,387
6,40.791710,-124.178260,386
6,40.791590,-124.178260,385
6,40.790440,-124.178940,384
6,40.790380,-124.179060,383
6,40.785510,-124.181820,382
6,40.781290,-124.184830,381
6,40.780770,-124.185120,380
6,40.780420,-124.185420,379
6,40.779650,-124.186270,378
6,40.779290,-124.186810,377
6,40.778910,-124.187550,376
6,40.778990,-124.187602,375
6,40.779454,-124.188122,374
6,40.779771,-124.188340,373
6,40.780202,-124.188978,372
6,40.780444,-124.188778,371
6,40.780202,-124.188978,370
6,40.779771,-124.188340,369
6,40.779454,-124.188122,368
6,40.778964,-124.187508,367
6,40.778890,-124.187583,366
6,40.778890,-124.187580,365
6,40.778530,-124.188340,364
6,40.778230,-124.188830,363
6,40.777940,-124.189200,362
6,40.777540,-124.189540,361
6,40.776510,-124.190050,360
6,40.775910,-124.190240,359
6,40.774990,-124.190400,358
6,40.774910,-124.190480,357
6,40.774260,-124.190620,356
6,40.771780,-124.191130,355
6,40.769410,-124.191550,354
6,40.768210,-124.191660,353
6,40.767120,-124.191640,352
6,40.765690,-124.191490,351
6,40.765610,-124.191420,350
6,40.763680,-124.190980,349
6,40.759830,-124.189570,348
6,40.758750,-124.189410,347
6,40.757950,-124.189460,346
6,40.757110,-124.189650,345
6,40.756100,-124.190120,344
6,40.751070,-124.192980,343
6,40.750800,-124.193180,342
6,40.750220,-124.193740,341
6,40.747640,-124.196640,340
6,40.746900,-124.197340,339
6,40.746400,-124.197780,338
6,40.745720,-124.198190,337
6,40.744800,-124.198510,336
6,40.744800,-124.198510,335
6,40.743470,-124.198790,334
6,40.743190,-124.198930,333
6,40.743190,-124.198930,332
6,40.742170,-124.199070,331
6,40.742170,-124.199070,330
6,40.742280,-124.199560,329
6,40.742280,-124.199560,328
6,40.741920,-124.199810,327
6,40.742000,-124.199750,326
6,40.741560,-124.200120,325
6,40.741250,-124.200450,324
6,40.740620,-124.201400,323
6,40.736640,-124.208760,322
6,40.736250,-124.209640,321
6,40.735860,-124.210080,320
6,40.735860,-124.210080,319
6,40.735670,-124.210290,318
6,40.733760,-124.212540,317
6,40.733530,-124.212900,316
6,40.733530,-124.212900,315
6,40.732970,-124.213400,314
6,40.732290,-124.213830,313
6,40.731780,-124.214060,312
6,40.731190,-124.214240,311
6,40.727810,-124.214630,310
6,40.725010,-124.214620,309
6,40.725010,-124.214620,308
6,40.724930,-124.214630,307
6,40.724560,-124.214650,306
6,40.723420,-124.214880,305
6,40.721650,-124.215310,304
6,40.721650,-124.215310,303
6,40.719950,-124.215500,302
6,40.717080,-124.215590,301
6,40.716250,-124.215570,300
6,40.715410,-124.215350,299
6,40.714920,-124.215130,298
6,40.714260,-124.214720,297
6,40.709290,-124.210910,296
6,40.708620,-124.210220,295
6,40.708090,-124.209460,294
6,40.707900,-124.209260,293
6,40.707610,-124.209080,292
6,40.707610,-124.209080,291
6,40.706800,-124.208980,290
6,40.706440,-124.208860,289
6,40.704900,-124.207770,288
6,40.703550,-124.206660,287
6,40.702200,-124.205350,286
6,40.701240,-124.204540,285
6,40.699900,-124.203660,284
6,40.699540,-124.203310,283
6,40.696910,-124.200150,282
6,40.696910,-124.200150,281
6,40.697250,-124.199860,280
6,40.697940,-124.199610,279
6,40.697920,-124.199620,278
6,40.697250,-124.199860,277
6,40.696910,-124.200150,276
6,40.696910,-124.200150,275
6,40.699460,-124.203210,274
6,40.699900,-124.203660,273
6,40.701240,-124.204540,272
6,40.702200,-124.205350,271
6,40.703550,-124.206660,270
6,40.704730,-124.207640,269
6,40.706440,-124.208860,268
6,40.706800,-124.208980,267
6,40.707590,-124.209080,266
6,40.707610,-124.209080,265
6,40.707900,-124.209360,264
6,40.707920,-124.209540,263
6,40.707870,-124.209620,262
6,40.707700,-124.209690,261
6,40.706140,-124.209720,260
6,40.706140,-124.209720,259
6,40.704440,-124.209600,258
6,40.703860,-124.209470,257
6,40.703140,-124.209100,256
6,40.702780,-124.208820,255
6,40.702350,-124.208390,254
6,40.701840,-124.207730,253
6,40.700610,-124.205970,252
6,40.700250,-124.205570,251
6,40.699220,-124.204670,250
6,40.698200,-124.204080,249
6,40.697740,-124.203890,248
6,40.697320,-124.203750,247
6,40.683550,-124.200910,246
6,40.682140,-124.200710,245
6,40.680600,-124.200710,244
6,40.671340,-124.201760,243
6,40.670190,-124.201950,242
6,40.668910,-124.202250,241
6,40.664060,-124.203570,240
6,40.660640,-124.204590,239
6,40.660080,-124.204830,238
6,40.659260,-124.205280,237
6,40.658340,-124.205960,236
6,40.657130,-124.207250,235
6,40.654540,-124.210470,234
6,40.654300,-124.210690,233
6,40.653700,-124.211100,232
6,40.653210,-124.211340,231
6,40.652720,-124.211500,230
6,40.652230,-124.211550,229
6,40.651240,-124.211470,228
6,40.650460,-124.211180,227
6,40.645920,-124.208490,226
6,40.645020,-124.208260,225
6,40.644450,-124.208250,224
6,40.643940,-124.208330,223
6,40.643180,-124.208580,222
6,40.635970,-124.212190,221
6,40.628850,-124.215680,220
6,40.627700,-124.216200,219
6,40.627000,-124.216330,218
6,40.626610,-124.216340,217
6,40.625660,-124.216180,216
6,40.625120,-124.215930,215
6,40.624630,-124.215610,214
6,40.624160,-124.215130,213
6,40.622460,-124.212970,212
6,40.622130,-124.212490,211
6,40.621800,-124.211880,210
6,40.621470,-124.211030,209
6,40.621090,-124.209580,208
6,40.621000,-124.209130,207
6,40.620820,-124.207630,206
6,40.620620,-124.206640,205
6,40.620200,-124.205520,204
6,40.619850,-124.204870,203
6,40.619290,-124.204010,202
6,40.617960,-124.202110,201
6,40.617580,-124.201370,200
6,40.617350,-124.200680,199
6,40.616910,-124.199050,198
6,40.616430,-124.197860,197
6,40.614520,-124.194180,196
6,40.613870,-124.193020,195
6,40.613020,-124.191880,194
6,40.609650,-124.187880,193
6,40.607770,-124.185270,192
6,40.606930,-124.183850,191
6,40.606200,-124.182010,190
6,40.605180,-124.178640,189
6,40.604800,-124.177670,188
6,40.604130,-124.176370,187
6,40.603530,-124.175320,186
6,40.602940,-124.174100,185
6,40.601330,-124.170360,184
6,40.601170,-124.169890,183
6,40.600550,-124.168490,182
6,40.600340,-124.167890,181
6,40.600340,-124.167890,180
6,40.599300,-124.165000,179
6,40.598100,-124.159220,178
6,40.598000,-124.158480,177
6,40.597990,-124.155560,176
6,40.597990,-124.155560,175
6,40.598840,-124.155540,174
6,40.597990,-124.155560,173
6,40.597990,-124.155560,172
6,40.597900,-124.150180,171
6,40.597870,-124.149710,170
6,40.597580,-124.148120,169
6,40.597600,-124.147990,168
6,40.597390,-124.147300,167
6,40.597150,-124.147030,166
6,40.596810,-124.146790,165
6,40.596550,-124.146680,164
6,40.596550,-124.146680,163
6,40.592060,-124.146650,162
6,40.584740,-124.146670,161
6,40.584740,-124.146670,160
6,40.584730,-124.143960,159
6,40.584720,-124.139870,158
6,40.584650,-124.139420,157
6,40.584230,-124.138420,156
6,40.583530,-124.137440,155
6,40.583290,-124.136950,154
6,40.583120,-124.136350,153
6,40.583060,-124.135530,152
6,40.583060,-124.135530,151
6,40.582580,-124.135500,150
6,40.582580,-124.135500,149
6,40.582590,-124.135670,148
6,40.582900,-124.135900,147
6,40.582590,-124.135670,146
6,40.582580,-124.135500,145
6,40.582580,-124.135500,144
6,40.583060,-124.135530,143
6,40.583060,-124.135530,142
6,40.583070,-124.132000,141
6,40.583070,-124.132000,140
6,40.583060,-124.130990,139
6,40.583060,-124.130990,138
6,40.578900,-124.129940,137
6,40.576670,-124.129090,136
6,40.573150,-124.127650,135
6,40.570800,-124.126830,134
6,40.570210,-124.126750,133
6,40.570220,-124.134040,132
6,40.570220,-124.134040,131
6,40.570190,-124.134040,130
6,40.570220,-124.134040,129
6,40.570220,-124.134040,128
6,40.570190,-124.137630,127
6,40.570230,-124.138710,126
6,40.570230,-124.138710,125
6,40.570420,-124.139610,124
6,40.570510,-124.139850,123
6,40.570700,-124.140240,122
6,40.571030,-124.140700,121
6,40.571510,-124.141170,120
6,40.574460,-124.143740,119
6,40.576650,-124.146220,118
6,40.577050,-124.146540,117
6,40.577050,-124.146540,116
6,40.576810,-124.147120,115
6,40.576590,-124.147370,114
6,40.575620,-124.148030,113
6,40.575340,-124.148320,112
6,40.575340,-124.148320,111
6,40.574900,-124.148950,110
6,40.574570,-124.149540,109
6,40.574530,-124.149820,108
6,40.574550,-124.149910,107
6,40.574700,-124.150110,106
6,40.577150,-124.152290,105
6,40.577390,-124.152610,104
6,40.577390,-124.152610,103
6,40.577750,-124.152430,102
6,40.578030,-124.152350,101
6,40.580550,-124.152340,100
6,40.580620,-124.152440,99
6,40.580630,-124.154610,98
6,40.580630,-124.154610,97
6,40.578140,-124.154650,96
6,40.577890,-124.154570,95
6,40.577770,-124.154480,94
6,40.577560,-124.154070,93
6,40.577510,-124.153770,92
6,40.577500,-124.152970,91
6,40.577340,-124.152520,90
6,40.577150,-124.152290,89
6,40.574700,-124.150110,88
6,40.574550,-124.149910,87
6,40.574530,-124.149820,86
6,40.574570,-124.149540,85
6,40.575110,-124.148640,84
6,40.575110,-124.148640,83
6,40.574880,-124.148560,82
6,40.571980,-124.148720,81
6,40.571980,-124.148720,80
6,40.566150,-124.148290,79
6,40.553680,-124.146180,78
6,40.548570,-124.145220,77
6,40.544300,-124.144520,76
6,40.543710,-124.144450,75
6,40.542900,-124.144450,74
6,40.542290,-124.144520,73
6,40.541900,-124.144620,72
6,40.540610,-124.145150,71
6,40.537070,-124.147520,70
6,40.533680,-124.149890,69
6,40.532840,-124.150310,68
6,40.528980,-124.151260,67
6,40.528470,-124.151340,66
6,40.527850,-124.151340,65
6,40.526810,-124.151150,64
6,40.526160,-124.150890,63
6,40.525610,-124.150570,62
6,40.525080,-124.150160,61
6,40.521730,-124.147050,60
6,40.521250,-124.146480,59
6,40.520590,-124.145440,58
6,40.520210,-124.144570,57
6,40.514330,-124.129070,56
6,40.511900,-124.122860,55
6,40.511530,-124.122150,54
6,40.510700,-124.121120,53
6,40.509490,-124.119910,52
6,40.508520,-124.118860,51
6,40.508100,-124.118240,50
6,40.507700,-124.117420,49
6,40.507540,-124.116920,48
6,40.506690,-124.113500,47
6,40.506000,-124.109630,46
6,40.506000,-124.109630,45
6,40.505370,-124.109440,44
6,40.505040,-124.109200,43
6,40.504420,-124.108520,42
6,40.504400,-124.108410,41
6,40.503720,-124.107730,40
6,40.503110,-124.107280,39
6,40.503030,-124.107290,38
6,40.502630,-124.107050,37
6,40.503110,-124.104940,36
6,40.503100,-124.099930,35
6,40.503100,-124.099930,34
6,40.502410,-124.099690,33
6,40.502210,-124.099560,32
6,40.502080,-124.099410,31
6,40.502040,-124.099060,30
6,40.502070,-124.097120,29
6,40.499180,-124.097160,28
6,40.499180,-124.097160,27
6,40.499190,-124.097300,26
6,40.499190,-124.106130,25
6,40.499190,-124.106130,24
6,40.498700,-124.106080,23
6,40.498090,-124.105940,22
6,40.497530,-124.105710,21
6,40.496870,-124.105210,20
6,40.493210,-124.101560,19
6,40.492810,-124.101220,18
6,40.491670,-124.100440,17
6,40.489960,-124.099360,16
6,40.489620,-124.099200,15
6,40.489140,-124.099080,14
6,40.488390,-124.099140,13
6,40.488390,-124.099140,12
6,40.487140,-124.099350,11
6,40.485830,-124.099640,10
6,40.485350,-124.100060,9
6,40.484940,-124.100670,8
6,40.484850,-124.100880,7
6,40.484380,-124.101430,6
6,40.483850,-124.102620,5
6,40.483700,-124.102720,4
6,40.481560,-124.103030,3
6,40.481200,-124.103040,2
6,40.479660,-124.102900,1
7,40.492810,-124.101220,18
7,40.491670,-124.100440,17
7,40.489960,-124.099360,16
7,40.489620,-124.099200,15
7,40.489140,-124.099080,14
7,40.488390,-124.099140,13
7,40.488390,-124.099140,12
7,40.487140,-124.099350,11
7,40.485830,-124.099640,10
7,40.485350,-124.100060,9
7,40.484940,-124.100670,8
7,40.484850,-124.100880,7
7,40.484380,-124.101430,6
7,40.483850,-124.102620,5
7,40.483700,-124.102720,4
7,40.481560,-124.103030,3
7,40.481200,-124.103040,2
7,40.479660,-124.102900,1
7,41.037850,-124.111770,688
7,41.037850,-124.111770,689
7,41.037950,-124.111840,690
7,41.038180,-124.112160,691
7,41.038540,-124.113140,692
7,41.038660,-124.113330,693
7,41.038980,-124.113610,694
7,41.039510,-124.113960,695
7,41.042790,-124.115500,696
7,41.043700,-124.116080,697
7,41.054700,-124.126020,698
7,41.055370,-124.126670,699
7,41.055820,-124.127170,700
7,41.056300,-124.127840,701
7,41.060930,-124.136780,702
7,41.060930,-124.136780,703
7,41.061660,-124.138010,704
7,41.062030,-124.138530,705
7,41.062350,-124.138890,706
7,41.062350,-124.138890,707
7,41.061900,-124.139630,708
7,41.061520,-124.140530,709
